CNVsource	chr	cnvStart	cnvEnd	CpG	beta	se	p_value
1000GPgenotype	1	152472595	152473047	cg06237414	-0.00920497511806451	0.00355521661528064	0.0153138332902518
1000GPgenotype	8	144773467	144777025	cg22892110	0.106311461758641	NaN	NaN
1000GPgenotype	11	116173576	116178898	cg02831393	0.014662171612365	0.00502968428729109	0.00562576485375331
1000GPgenotype	5	172967897	172968846	cg23003881	0.0602173591533471	0.00507237212869383	6.88719476806614e-16
1000GPgenotype	8	12277832	12280453	cg18123948	0.0416355341169725	NaN	NaN
1000GPgenotype	10	115499109	115499422	cg14826456	-0.0478114144482982	0.0647657398637622	0.464299725726084
1000GPgenotype	7	93730519	93730716	cg16872560	0.0580074840272233	0.0132283313686597	8.19531535107309e-05
1000GPgenotype	6	111401904	111402210	cg04128563	-0.00738112042924943	0.00315727401435776	0.0236128394764605
1000GPgenotype	4	157522137	157522217	cg09688546	0.0640455799999999	0.0383122448786369	0.100714197206676
1000GPgenotype	13	110030856	110031167	cg15270851	0.00520761196140999	0.000553332795408063	1.77616626535556e-12
1000GPgenotype	8	144584722	144584824	cg24596472	-0.0263766917215054	NaN	NaN
1000GPgenotype	8	144584722	144584824	cg10913563	0.00546774053269886	NaN	NaN
1000GPgenotype	17	64060387	64060716	cg16435601	0.00812300553051953	0.0011362945070607	4.86501735775738e-09
1000GPgenotype	17	34216976	34218433	cg10398950	-0.000371624581297553	0.0025376878396722	0.884256729185827
1000GPgenotype	17	34216976	34218433	cg13824734	-0.000386368184464719	0.00154397037396762	0.803591007508254
1000GPgenotype	17	17171100	17171975	cg02880176	-0.0150513422306867	0.0199717859508682	0.454996550724036
1000GPgenotype	2	37894416	37894471	cg24022829	0.00301688838149548	0.000893749410507954	0.00150543965715648
1000GPgenotype	17	36772302	36774600	cg24505527	NaN	NaN	NaN
1000GPgenotype	22	22699127	22705237	cg24330042	-0.212675757106237	NaN	NaN
1000GPgenotype	2	95914287	95914354	cg05443740	NaN	NaN	NaN
1000GPgenotype	4	165719953	165720068	cg00393585	0.0942312834225844	0.0221271029168848	8.84171485947962e-05
1000GPgenotype	2	83964463	83964586	cg00396163	0.0442368009248555	0.003745802267345	2.45039649357313e-16
1000GPgenotype	14	20580351	20580407	cg20639263	0.0153187309721841	0.00327618764002301	4.78003663993095e-05
1000GPgenotype	4	6733295	6736762	cg09785172	0.00977112520480532	0.00175081838195587	1.30236457735847e-06
1000GPgenotype	16	5019300	5019350	cg21844038	0.0458792220834174	0.0236953121658944	0.0594320166614955
1000GPgenotype	8	144776112	144780630	cg22892110	0.106311461758641	NaN	NaN
1000GPgenotype	9	92923184	92923505	cg02608019	0.00588886497076024	0.00234976344455044	0.015504307282746
1000GPgenotype	3	185359510	185360097	cg00119079	0.00422667356874978	NaN	NaN
1000GPgenotype	15	67401468	67402501	cg20015855	0.134423805878538	0.0498528614375267	0.00969766678824208
1000GPgenotype	15	67401468	67402501	cg08342270	0.0138271320258206	0.00363101117766685	0.000405184158189189
1000GPgenotype	2	176973888	176980286	cg18750960	0.0281486781959611	0.0298475321257193	0.350173604458258
1000GPgenotype	10	51577967	51582025	cg14450605	-0.0251262397390643	0.00582462963480992	8.18025405511642e-05
1000GPgenotype	2	44637092	44637412	cg03902905	-0.0241840226424543	0.00832150300452761	0.00556414863835849
1000GPgenotype	4	187330462	187336085	cg11595794	0.0152864298020302	0.00171740745066396	2.13355014465306e-11
1000GPgenotype	10	67911219	67911527	cg12236045	0.072672160170697	0.0133334127151299	1.54308002933879e-06
1000GPgenotype	2	54597716	54598093	cg16750914	0.00898810665407077	0.00071826725266571	3.62148732239509e-17
1000GPgenotype	1	34877412	34879230	cg11835197	0.313762854995122	0.0325247405364689	1.26078311451815e-12
1000GPgenotype	4	148140041	148140353	cg15810326	0.0309300853409091	0.00345815620125624	5.0225507332109e-12
1000GPgenotype	4	148140041	148140353	cg26484333	0.0333387251136364	0.00373119618430597	5.18376901376325e-12
1000GPgenotype	21	46434171	46435304	cg10296238	0.217923446418332	0.0584865384316849	0.000587296023294084
1000GPgenotype	13	94818226	94822462	cg17183991	0.0016535020273326	0.000714529213996735	0.0248965653082921
1000GPgenotype	5	77084102	77084437	cg23152667	0.0456383015582421	0.00678053754918434	2.09430069511887e-08
1000GPgenotype	2	233072791	233072983	cg19540408	0.229801819916505	0.0343567946796037	7.3930864614639e-08
1000GPgenotype	3	11757247	11759276	cg04632671	-0.0215558390349291	0.0183574711451377	0.246219641447668
1000GPgenotype	1	34874009	34884563	cg11835197	0.313762854995122	0.0325247405364689	1.26078311451815e-12
1000GPgenotype	1	151400331	151400587	cg09929564	NaN	NaN	NaN
1000GPgenotype	17	61593973	61594030	cg02957086	0.0409159319095373	0.00686739170939301	3.34733955768402e-07
1000GPgenotype	19	13600101	13600227	cg17725461	-0.00148159358848252	NaN	NaN
1000GPgenotype	10	13298028	13298340	cg00766889	0.00564082277825476	0.00154466018035601	0.000622957239363085
1000GPgenotype	14	49070698	49070826	cg08625335	-0.00312153910247662	0.00134453779232433	0.0245429590591774
1000GPgenotype	10	125368932	125369004	cg02757432	0.112839429850696	0.0314106137017612	0.000852484210804878
1000GPgenotype	5	135372493	135374199	cg17830308	-0.0818026469814102	0.0451368672655235	0.0774471909801117
1000GPgenotype	17	36675248	36685688	cg24505527	NaN	NaN	NaN
1000GPgenotype	6	77154212	77158385	cg06062132	0.0479872516853932	0.00166725872162597	8.7966082639408e-33
1000GPgenotype	17	26683718	26684067	cg08635242	NaN	NaN	NaN
1000GPgenotype	1	110028467	110029625	cg17901463	-0.153997400946856	NaN	NaN
1000GPgenotype	10	74847596	74847928	cg16108132	0.0432771473611061	NaN	NaN
1000GPgenotype	22	22681567	22698025	cg24330042	-0.212675757106237	NaN	NaN
1000GPgenotype	19	6938463	6938792	cg10670077	NaN	NaN	NaN
1000GPgenotype	3	182444583	182444910	cg27437944	0.031895489516129	0.00393590512104954	8.73142362816216e-11
1000GPgenotype	19	20041433	20041748	cg07919162	-0.00908197207194639	NaN	NaN
1000GPgenotype	6	77154213	77159361	cg06062132	0.0479872516853932	0.00166725872162597	8.7966082639408e-33
1000GPgenotype	22	48264438	48264617	cg18205517	NaN	NaN	NaN
1000GPgenotype	18	57434843	57435078	cg07980518	0.0372626141433892	NaN	NaN
1000GPgenotype	1	70921387	70921635	cg15201877	-0.072881554476007	0.030357105788559	0.020369470662881
1000GPgenotype	5	95992292	95993117	cg24274600	0.00753722601188063	0.00123803505288076	1.98018253943347e-07
1000GPgenotype	9	35970788	35971992	cg04065065	0.000222179744842788	NaN	NaN
1000GPgenotype	7	98869581	98869637	cg12799895	-0.131030071820268	NaN	NaN
1000GPgenotype	17	8187337	8188693	cg01249910	0.00423987861253733	NaN	NaN
1000GPgenotype	1	146442912	146462585	cg24797967	0.0276727152501374	0.00752841110626869	0.00057011092414892
1000GPgenotype	9	140099612	140101330	cg23897067	0.00977688919227841	0.00196416581419731	9.47530583123823e-06
1000GPgenotype	4	186392535	186392845	cg27583030	-0.0005277991361686	0.00511144531735752	0.918206838359942
1000GPgenotype	5	70889238	70889304	cg18359921	0.0123015805304404	0.00317333411039614	0.000315317367806089
1000GPgenotype	15	36054877	36055613	cg06952236	0.0156568937807193	NaN	NaN
1000GPgenotype	15	90475578	90478074	cg07766315	0.0261912008176368	0.00449901323610116	4.40275256022519e-07
1000GPgenotype	17	13472409	13473418	cg13706352	0.0174925675539568	NaN	NaN
1000GPgenotype	6	30315788	30316206	cg24000189	0.00727163351138571	NaN	NaN
1000GPgenotype	6	30315788	30316206	cg24703717	0.00610297974948887	NaN	NaN
1000GPgenotype	19	11155805	11157520	cg15334028	0.00327828929383023	0.00437677264335436	0.45833935356476
1000GPgenotype	10	92805364	92805684	cg17001035	0.011003210630105	0.0120593213065846	0.365924264673991
1000GPgenotype	1	110037664	110044037	cg17901463	-0.186312955146544	NaN	NaN
1000GPgenotype	10	88972728	89104990	cg04738091	0.00569681989556171	NaN	NaN
1000GPgenotype	12	109101014	109102205	cg21950493	0.0196073049650007	NaN	NaN
1000GPgenotype	22	35477032	35477737	cg13951472	0.0838422540662918	NaN	NaN
1000GPgenotype	17	5536429	5538222	cg08341874	-0.0300919256557544	NaN	NaN
1000GPgenotype	17	76309191	76312945	cg26717786	-0.021488550579964	0.0139312817544769	0.130122229259831
1000GPgenotype	12	93768156	93768578	cg19824362	0.0028812059821865	0.00205754869497566	0.16785161361342
1000GPgenotype	1	27160255	27160649	cg12112929	-0.0109150019510498	NaN	NaN
1000GPgenotype	20	54450469	54452021	cg25993718	0.087520422092658	0.0220421573452616	0.000255588628704249
1000GPgenotype	16	87425157	87425732	cg16444968	-0.0156594798274469	NaN	NaN
1000GPgenotype	10	91988516	91992007	cg20571908	0.0345066906598661	0.0110886486924554	0.00312796012319749
1000GPgenotype	15	49684994	49685332	cg08986416	0.00809321887333948	0.00181327482097748	4.87679292824901e-05
1000GPgenotype	2	152506803	152507435	cg08475827	0.0288438987634607	NaN	NaN
1000GPgenotype	18	69595188	69595522	cg03954150	0.0124525748429319	0.00107607213324901	7.04954599989573e-16
1000GPgenotype	7	39563899	39564163	cg08724636	0.0175567473737374	0.00123578382798905	1.53882552163185e-19
1000GPgenotype	5	141288563	141288790	cg11064797	0.00313200851233103	NaN	NaN
1000GPgenotype	10	70668117	70668440	cg21948169	-0.00758615580964344	NaN	NaN
1000GPgenotype	2	74364785	74365114	cg21954994	0.00220404572840004	NaN	NaN
1000GPgenotype	14	99493641	99493712	cg09873258	-0.0106956550083548	0.03893894154946	0.784910587996343
1000GPgenotype	14	99493641	99493712	cg16567044	0.10000534081029	0.0412303328110072	0.0196632558799143
1000GPgenotype	2	53752337	53752534	cg16192916	0.0113044279130741	0.000826659742616281	1.60336622116119e-18
1000GPgenotype	16	66071307	66071624	cg02225847	-0.0695482131469282	0.038844452576478	0.0804272966811427
1000GPgenotype	14	35741860	35745144	cg11847459	0.0123343582	0.000519811297647591	1.46161954052429e-29
1000GPgenotype	12	3535218	3535312	cg14759043	0.0288125972256916	0.00931596864102309	0.00336544341360936
1000GPgenotype	10	128911030	128911109	cg13488201	-0.265999784640359	NaN	NaN
1000GPgenotype	1	40794202	40801171	cg22827640	-0.00189608151966009	0.00179788558798338	0.298090231576123
1000GPgenotype	17	41806512	41819630	cg02301815	0.352805556156481	NaN	NaN
1000GPgenotype	4	2988022	2988189	cg16474684	-0.00767476672311637	0.00445033238863464	0.0914744574051425
1000GPgenotype	18	73395986	73397147	cg12555907	0.214992955659453	0.0485039310203011	5.56074312684248e-05
1000GPgenotype	18	73395986	73397147	cg15059932	0.0172110039500951	0.00252763771820256	1.59243727199272e-08
1000GPgenotype	9	33203071	33203929	cg21511069	0.0067486416998187	NaN	NaN
1000GPgenotype	8	144771628	144785835	cg22892110	0.106311461758641	NaN	NaN
1000GPgenotype	19	38264621	38264884	cg01580888	0.0335309833009383	0.0145911234928042	0.026606835885629
1000GPgenotype	2	219640023	219640306	cg14831838	0.00689017751453347	NaN	NaN
1000GPgenotype	2	219640023	219640306	cg21785260	0.0254100027876032	NaN	NaN
1000GPgenotype	2	220754325	220754447	cg09197965	0.000965655844951979	NaN	NaN
1000GPgenotype	18	3308056	3308128	cg18110535	0.015709263887662	NaN	NaN
1000GPgenotype	1	64740868	64740965	cg09082287	0.0946550741423074	0.0222571310195347	9.45942637958808e-05
1000GPgenotype	10	23055568	23056760	cg06908778	0.0600979554082056	0.0174438701722828	0.00115014715354358
1000GPgenotype	20	34034454	34034566	cg03424436	-0.0635228851687069	NaN	NaN
1000GPgenotype	2	192270434	192270768	cg09666654	0.012699521206603	0.00138906919992819	3.00305389236986e-12
1000GPgenotype	8	99534317	99534644	cg10039928	0.269580076701298	0.0641456106117241	0.000111349680502864
1000GPgenotype	17	63739152	63739372	cg27043427	0.0125077386367098	0.0019833817649857	7.29809965780131e-08
1000GPgenotype	4	55177177	55177497	cg11465971	0.00498831711030346	0.00131551514784405	0.000418092196022635
1000GPgenotype	3	9229174	9229267	cg24596576	0.00963325905622595	0.0024696519606477	0.000358214725198373
1000GPgenotype	2	6215745	6226169	cg13051968	0.0067163649132451	0.000974537642695786	8.86032376968014e-09
1000GPgenotype	12	49259984	49261783	cg16619240	0.00725844945678339	0.00264297450610389	0.0087655685788084
1000GPgenotype	12	49259984	49261783	cg12787624	0.00681707652564084	0.00265501722139819	0.0137996482214454
1000GPgenotype	10	18543082	18543595	cg05018361	0.045613320166652	0.00293896842599408	9.35570247097876e-21
1000GPgenotype	12	2933922	2934160	cg16405575	0.0144575048037584	0.00110043076167132	2.39361652530781e-17
1000GPgenotype	16	65293379	65296435	cg13813391	0.230087549812534	0.034925405932828	4.6046704781422e-08
1000GPgenotype	16	65811167	65811482	cg13500388	0.0801313284717156	0.0580549824567373	0.174477461630408
1000GPgenotype	16	65811167	65811482	cg12441964	0.242034975342309	0.0287581332541974	1.02677785644775e-10
1000GPgenotype	1	94060856	94064435	cg16833230	0.0144975132537911	0.00473918586641398	0.00362639949551613
1000GPgenotype	5	35226892	35227228	cg11154798	0.0104935788097345	0.00218131717000016	1.72322205667486e-05
1000GPgenotype	17	74572494	74574433	cg24844534	-0.0247143258903156	0.0165136518019583	0.14104446918327
1000GPgenotype	22	22726367	22727225	cg24330042	-0.214338949535442	NaN	NaN
1000GPgenotype	17	36675467	36681025	cg24505527	NaN	NaN	NaN
1000GPgenotype	13	45804889	45805037	cg08608800	0.020500437940864	0.00209762454735011	5.33916595931152e-13
1000GPgenotype	22	22676367	22680525	cg24330042	-0.212675757106237	NaN	NaN
1000GPgenotype	16	18740026	18745877	cg21024145	0.00856975262393416	0.00192487391670394	4.91457231798543e-05
1000GPgenotype	5	176427650	176428879	cg07035740	0.000262520352337037	0.00196033740069846	0.894079734930069
1000GPgenotype	14	73074412	73076930	cg00815605	0.114208372052197	0.0278335824874979	0.000156992155858718
1000GPgenotype	2	177995884	177996307	cg02961200	0.00697106765879933	0.00886120226515941	0.435327166090696
1000GPgenotype	17	55934631	55936055	cg14623313	-0.0119005767076757	NaN	NaN
1000GPgenotype	2	28253811	28253874	cg24189717	0.000455852540307111	NaN	NaN
1000GPgenotype	7	2633455	2633799	cg24743283	0.0176034484386076	0.00735346056123307	0.0206263060083245
1000GPgenotype	19	56468220	56468531	cg05242523	-0.0327090294236019	NaN	NaN
1000GPgenotype	7	29443443	29443752	cg11185569	0.0127545232083814	0.00250986263377263	5.60122489420822e-06
1000GPgenotype	16	2949982	2950348	cg19703826	0.0186705407264214	NaN	NaN
1000GPgenotype	3	187512304	187512639	cg00717862	0.00701547094412575	0.00709762087560039	0.329196463126679
1000GPgenotype	2	95949009	95950884	cg01906055	-0.0269628345145563	NaN	NaN
1000GPgenotype	6	28298175	28298511	cg08307580	NaN	NaN	NaN
1000GPgenotype	17	36681367	36685525	cg24505527	NaN	NaN	NaN
1000GPgenotype	22	22674027	22676887	cg24330042	-0.221710320723959	NaN	NaN
1000GPgenotype	3	150751162	150752836	cg24078828	-0.00531569613176724	NaN	NaN
1000GPgenotype	6	36178098	36178171	cg08027745	NaN	NaN	NaN
1000GPgenotype	8	144777467	144779025	cg22892110	0.106311461758641	NaN	NaN
1000GPgenotype	2	152581752	152582186	cg08475827	0.0369950780481645	NaN	NaN
1000GPgenotype	10	72926588	72926707	cg05871136	-0.0655893859554109	0.0206657463055043	0.00268229851595435
1000GPgenotype	20	32705522	32707962	cg15056412	NaN	NaN	NaN
1000GPgenotype	5	127200230	127201179	cg26465611	0.161006293081081	0.0395230296948347	0.000161727762505861
1000GPgenotype	3	128813208	128813533	cg03330058	-0.126000467922024	NaN	NaN
1000GPgenotype	16	16841865	16847915	cg15488251	-0.00179721039964694	0.00413241527635529	0.665664588703162
1000GPgenotype	1	9518200	9520253	cg22601917	0.0657304090995987	0.0387436823646175	0.0970115303451667
1000GPgenotype	1	21659006	21659277	cg07180649	0.04057880649823	NaN	NaN
1000GPgenotype	17	38406928	38407781	cg27088844	NaN	NaN	NaN
1000GPgenotype	8	144783467	144785525	cg22892110	0.106311461758641	NaN	NaN
1000GPgenotype	6	31384612	31386630	cg04513728	0.0534463326977854	0.0142538694823929	0.00135721130436836
1000GPgenotype	16	80721699	80721976	cg01880569	0.251436089450264	0.0848703886762855	0.00485968626568662
1000GPgenotype	11	61806951	61807095	cg12640109	NaN	NaN	NaN
1000GPgenotype	3	73145768	73146244	cg20540428	0.257493589529697	0.0323272798127941	2.48551075643911e-10
1000GPgenotype	9	139342340	139344586	cg02189785	-0.00143487761737554	0.00461585427998957	0.757563616066298
1000GPgenotype	5	36393132	36393322	cg14711201	0.0227927674410705	0.00523937561805521	7.26765440594609e-05
1000GPgenotype	9	36352882	36354079	cg24070292	0.106706992115864	0.0185125069858409	6.1143532809408e-07
1000GPgenotype	17	76742917	76743255	cg07423906	0.00120724859688384	0.0015543400839583	0.441314327432071
1000GPgenotype	7	13244637	13247239	cg09259772	0.186546200719973	0.0408031649737896	3.10681189780974e-05
1000GPgenotype	1	21884914	21884999	cg12274479	0.279986035253183	NaN	NaN
1000GPgenotype	17	32217537	32217855	cg16544272	0.00626016322600192	0.00180562496417421	0.00120699092427878
1000GPgenotype	17	32217537	32217855	cg02102644	0.00573630381205834	0.00141651302741375	0.000210356979947574
1000GPgenotype	10	48210395	48214359	cg02222362	0.41327121922929	0.0297262400589476	1.24598803528699e-18
1000GPgenotype	10	48210395	48214359	cg16192575	0.360045243231046	0.0407940415563238	1.0730773857981e-11
1000GPgenotype	1	24275573	24275889	cg18231267	0.0412984357159765	0.0496654082404279	0.410609095728346
1000GPgenotype	19	2860348	2861542	cg08634464	0.146405882658556	NaN	NaN
1000GPgenotype	22	37838812	37839012	cg01346718	-0.27201669346416	0.0960902030922208	0.00754989641368605
1000GPgenotype	14	101459896	101460017	cg14693893	0.00480495000703503	0.00151830551686814	0.00278323975570426
1000GPgenotype	21	43794793	43797728	cg15536230	0.177975196085804	0.0535975968420893	0.00195707381373371
1000GPgenotype	21	43794793	43797728	cg02507175	-0.00181508363872297	0.00213112105830113	0.399578344098495
1000GPgenotype	2	172712495	172715726	cg11626791	-0.000122070338448022	0.0022400397341622	0.956762600749995
1000GPgenotype	2	28515170	28515222	cg20369763	0.00820146018972297	NaN	NaN
1000GPgenotype	17	18731864	18732888	cg12324629	0.115534724194456	NaN	NaN
1000GPgenotype	7	111715170	111715248	cg05608188	0.0030297719789	0.00332984496933591	0.367430260812035
1000GPgenotype	1	229386515	229388618	cg00679738	0.00726219184423624	0.00144137913874092	8.92651938228162e-06
1000GPgenotype	2	237020254	237020949	cg23095584	0.254088192901738	0.0922839503142262	0.00820151144065659
1000GPgenotype	3	58296329	58296398	cg25240333	0.0663726702352935	NaN	NaN
1000GPgenotype	12	110780865	110781546	cg24530795	0.0575572070680095	NaN	NaN
1000GPgenotype	12	110780865	110781546	cg17190608	0.0216429820830005	NaN	NaN
1000GPgenotype	1	29177033	29178830	cg19112780	0.00910543178095426	0.00128667075027379	5.60888381138233e-09
1000GPgenotype	3	121376674	121377133	cg14399078	0.00230553120888319	0.000810527322496022	0.00656768690301482
1000GPgenotype	17	38587412	38589076	cg08792314	-0.240222885202856	NaN	NaN
1000GPgenotype	17	38587412	38589076	cg10809441	-0.135489148361566	NaN	NaN
1000GPgenotype	17	38587412	38589076	cg27088844	-0.212626198876736	NaN	NaN
1000GPgenotype	17	38587412	38589076	cg06975499	-0.233786252141414	NaN	NaN
1000GPgenotype	7	50075317	50076620	cg00333226	0.0523664477197414	0.0419008113155996	0.217704325032644
1000GPgenotype	19	18794800	18794869	cg15085805	NaN	NaN	NaN
1000GPgenotype	19	2625195	2625282	cg19636861	0.0983293215668155	NaN	NaN
1000GPgenotype	22	41428595	41428962	cg08954856	0.0316792424086235	NaN	NaN
1000GPgenotype	10	91990412	91992530	cg20571908	0.0345066906598661	0.0110886486924554	0.00312796012319749
1000GPgenotype	10	91988512	91989530	cg20571908	0.0333005409900529	0.0105740692644416	0.00281501949563539
1000GPgenotype	17	54718715	54720484	cg19141563	0.0160014412961318	0.00679906331860059	0.0226549699112424
1000GPgenotype	11	3280127	3282487	cg04720330	NaN	NaN	NaN
1000GPgenotype	11	481643	481866	cg24194132	-0.109812080670592	NaN	NaN
1000GPgenotype	1	30813232	30814246	cg03484533	-0.00535123351291521	0.00681157421191565	0.436404270367104
1000GPgenotype	9	140095736	140101839	cg23897067	0.00977688919227841	0.00196416581419731	9.47530583123823e-06
1000GPgenotype	7	16138299	16140597	cg12567315	0.0102817156167578	0.00360886227958067	0.00644081225910643
1000GPgenotype	19	737551	737695	cg18194038	0.00868586961544088	NaN	NaN
1000GPgenotype	19	737551	737695	cg20147100	0.00582112882296887	NaN	NaN
ConradGenotype	21	35182966	35184675	cg18074297	-0.0602503455658029	0.018845226073189	0.00218598167304877
ConradGenotype	20	56593980	56595020	cg25983380	0.121176367813091	NaN	NaN
ConradGenotype	2	29495174	29498745	cg04786857	0.0784858716211994	0.0109664605133569	1.15011587344615e-09
ConradGenotype	9	126987492	126990100	cg03283569	0.0300146858852868	NaN	NaN
ConradGenotype	2	132896466	132897365	cg07785936	0.388708079829673	0.0266038280800848	2.90696491267837e-21
ConradGenotype	11	68600310	68601480	cg13608094	0.141510788017026	NaN	NaN
ConradGenotype	6	31395810	31397416	cg10409680	-0.0190459797585778	0.024492973484467	0.442693344440125
ConradGenotype	1	180626201	180628113	cg08596642	0.0132088520288718	0.00189491444139646	4.21312050502755e-09
ConradGenotype	3	46769428	46826524	cg13994175	-0.00214094043663116	0.00238598831307786	0.373948086393689
ConradGenotype	17	71873457	71876602	cg24164563	-0.0564919939642275	0.0270276675089814	0.0425527801535667
ConradGenotype	5	34692036	34692596	cg13880228	0.0511122004314592	0.00905661852182008	4.79487217906365e-07
ConradGenotype	2	54366555	54371160	cg01615080	0.0434588038297873	0.0033351925641752	1.53617578709775e-19
ConradGenotype	2	54366555	54371160	cg15587603	0.0306470998723404	0.00325877043190163	1.29996814448871e-13
ConradGenotype	19	51648870	51654964	cg02218324	-0.0779926133358195	0.101665040466355	0.446997173011727
ConradGenotype	2	131938233	131941074	cg16169604	0.0157957953097852	0.00321122106729572	7.75847025304862e-06
ConradGenotype	10	114102095	114106660	cg18304674	0.0190638450438692	0.00336070211010473	4.2959704309919e-07
ConradGenotype	17	13472216	13473377	cg13706352	0.0176748133962264	NaN	NaN
ConradGenotype	3	140486519	140488054	cg21075829	0.234589301095098	0.02819753764695	2.03025901862001e-11
ConradGenotype	19	41532106	41538865	cg20580177	NaN	NaN	NaN
ConradGenotype	4	101818670	101820508	cg11010122	0.0229226091095194	NaN	NaN
ConradGenotype	6	133787627	133789056	cg21296676	-0.127194699890861	0.0590799974612947	0.0361740405985792
ConradGenotype	22	35473303	35476957	cg13797282	-0.0183335562490168	NaN	NaN
ConradGenotype	19	59424694	59435445	cg24794758	0.00274776788731812	NaN	NaN
ConradGenotype	5	55465067	55466202	cg20354892	0.0112257727588132	0.00115812501224311	6.86461937112839e-14
ConradGenotype	2	240855167	240859417	cg12804976	-0.0236646302590628	0.0081215198156303	0.00525311497188399
ConradGenotype	15	82606345	82625912	cg19517291	-0.0101325589586478	NaN	NaN
ConradGenotype	15	82606345	82625912	cg18393722	0.0184588502016029	NaN	NaN
ConradGenotype	15	82606345	82625912	cg13150977	0.0507327436910525	NaN	NaN
ConradGenotype	6	26878702	26883319	cg08260959	-0.018358572946937	0.00480539378175444	0.000433398381412172
ConradGenotype	7	102135311	102152748	cg23980887	-0.00150472979926097	0.00214855214475909	0.486373964011108
ConradGenotype	5	162794318	162795892	cg24206256	0.0746495439069768	0.00336616808577045	1.84060242124234e-31
ConradGenotype	10	132207254	132210968	cg27056559	0.381855017165425	0.0261682045095272	4.51843689630573e-21
ConradGenotype	21	46434207	46435262	cg10296238	0.183613684293954	0.0380408253924218	1.21809608944578e-05
ConradGenotype	7	4039859	4049085	cg26937500	0.0106427145048453	0.00249430674726986	7.02405629538131e-05
ConradGenotype	1	153447113	153487867	cg11503744	0.00461225932764919	NaN	NaN
ConradGenotype	1	153447113	153487867	cg14550101	0.00349310582247725	NaN	NaN
ConradGenotype	17	42497848	42508795	cg05467167	0.0536945499166017	NaN	NaN
ConradGenotype	2	172541083	172549062	cg10446968	0.00699642122204211	0.00230012821106983	0.00342619084694052
ConradGenotype	18	31013744	31021792	cg03776551	0.0177786726262976	0.000696567612141396	6.29971010534443e-35
ConradGenotype	9	67147030	67191484	cg22543128	0.24022996996904	0.0117435863926261	8.99670527447397e-30
ConradGenotype	4	15236048	15236685	cg19128498	0.0199431031436682	0.00111651413147348	1.78931520771648e-25
ConradGenotype	19	55137612	55138851	cg15951107	0.00585604036849008	NaN	NaN
ConradGenotype	5	40004712	40007532	cg02588309	0.146022690349534	0.0380674256534363	0.000299124642177735
ConradGenotype	8	55371651	55373817	cg11050527	0.0120077010871905	0.000699676245965683	3.11406245273105e-25
ConradGenotype	16	162083	167514	cg15001381	-0.0431418009075207	0.0227874922762012	0.0640086512163974
ConradGenotype	6	19149248	19157489	cg00468146	0.171675152118644	0.0111576633296512	3.49200913321285e-23
ConradGenotype	8	74508608	74511335	cg26464596	0.0124768506379585	0.000855306085367743	7.17011519548603e-22
ConradGenotype	17	34701689	34702240	cg10394385	0.00652850627503687	0.00805699492146522	0.421396719436859
ConradGenotype	17	34701689	34702240	cg12477119	0.00518705225908156	0.00676764954500912	0.446810199424659
ConradGenotype	17	34701689	34702240	cg11634198	-0.0798236220085	0.0837035164314533	0.344591611763952
ConradGenotype	17	3565219	3566272	cg15843823	0.0162443490596484	0.0320027154476959	0.614273966061618
ConradGenotype	17	3565219	3566272	cg09872233	0.00339976278754217	0.025042221830083	0.892629265248191
ConradGenotype	12	102363204	102371092	cg21081852	0.041017929862026	0.0172719614801229	0.0209453155257698
ConradGenotype	3	147867879	147873031	cg25250358	0.137627349835616	0.0273978783705387	4.45456686332923e-06
ConradGenotype	17	17172009	17176308	cg23159296	0.00205842148720616	0.00158097500085029	0.198155170334521
ConradGenotype	17	17172009	17176308	cg22309826	0.00207761492814369	0.00183159372120796	0.261407958530467
ConradGenotype	3	197258567	197259125	cg22956956	0.0316745564116494	0.0235348972574131	0.183871072485152
ConradGenotype	4	154452012	154454140	cg14320796	0.0195455179841982	0.00297357315492316	1.33156715197397e-08
ConradGenotype	15	40190994	40196399	cg27472032	0.0140134116173078	0.00243458841688941	3.27348660099078e-07
ConradGenotype	16	923425	944273	cg24399405	-0.0022474616361472	NaN	NaN
ConradGenotype	14	60218431	60224768	cg27398547	0.0992303550288278	0.0141464395757166	2.02938075268906e-09
ConradGenotype	3	147910164	147910947	cg25250358	0.0630415180677872	0.0122526178121901	2.82685219027052e-06
ConradGenotype	13	48431530	48434856	cg02632166	0.00266781158624473	0.000894091244381019	0.004328507214507
ConradGenotype	13	48431530	48434856	cg03085377	-0.0608123594495527	0.0406346395071846	0.140552002901147
ConradGenotype	6	79024187	79093007	cg22058458	-0.00424402377882604	0.00394990066198009	0.28671307400927
ConradGenotype	9	35970780	35972060	cg04065065	NaN	NaN	NaN
ConradGenotype	1	9518760	9520515	cg22601917	0.0409553505147522	0.0334706194798546	0.226311662372655
ConradGenotype	22	31257932	31258517	cg09547224	-0.0206441232880795	0.0205396041715263	0.319101976041155
ConradGenotype	22	31257932	31258517	cg03962522	-0.036365236800501	0.0255849042845737	0.160661827446816
ConradGenotype	18	73395994	73397090	cg12555907	0.233726782129632	0.0462927896561503	4.55924594276835e-06
ConradGenotype	1	24768383	24773731	cg18888403	0.0161745149564978	0.0486122480402347	0.7406543306761
ConradGenotype	12	47962269	47976666	cg05795313	0.10338942419141	NaN	NaN
ConradGenotype	3	169911677	169915428	cg19848683	0.0592315115655942	0.00779059775946934	2.12348659558814e-10
ConradGenotype	14	36839404	36840949	cg24384676	0.12726247321174	0.029291680171888	5.17498826395766e-05
ConradGenotype	12	48383566	48384465	cg14217534	0.012387892053772	0.0025680206665386	1.1555422993184e-05
ConradGenotype	1	34874894	34884557	cg05382123	0.0102558522335077	0.0176996926728663	0.564538444479457
ConradGenotype	1	34874894	34884557	cg11835197	0.291630879500598	0.0311718505590027	3.45248181003356e-13
ConradGenotype	10	62097314	62098437	cg16063112	0.0352413628984735	0.025558165991834	0.172889668270419
ConradGenotype	1	46016872	46023933	cg04036898	0.0791231196390323	0.0288902785727076	0.00829557851328731
ConradGenotype	19	61405191	61414764	cg16954928	0.00563858951180518	0.00611142302666549	0.361597314005372
ConradGenotype	5	180307216	180365215	cg13927251	0.0159407187059769	0.00677421084333944	0.0219678930115663
ConradGenotype	4	83855493	83860265	cg10972353	0.00950504274340896	0.00141420354724849	7.46518674993495e-09
ConradGenotype	16	23668555	23669665	cg17234150	0.0116809484003634	0.0161832040929408	0.473224427045569
ConradGenotype	14	74854409	74855709	cg04371779	0.00303869071332198	NaN	NaN
ConradGenotype	8	82207571	82209251	cg06027949	0.0301448612175155	0.00517123496927079	2.60092006219155e-07
ConradGenotype	11	11257991	11262124	cg05367858	0.00698197188409094	0.00199513639242847	0.000902775449883043
ConradGenotype	1	191127054	191128549	cg05576974	0.0040965093491635	NaN	NaN
ConradGenotype	17	36675163	36685731	cg13784792	NaN	NaN	NaN
ConradGenotype	19	2860172	2861422	cg08634464	7.67969022481552e-05	NaN	NaN
ConradGenotype	4	164174798	164177311	cg26745540	0.0594976088375123	0.00299250514284502	1.35647841725968e-28
ConradGenotype	5	176466696	176467745	cg21605986	0.0174693902092289	0.00707737414350632	0.0167112860695208
ConradGenotype	14	44680868	44682602	cg03491181	0.0390127812295082	0.00198156734229401	7.49119417734632e-29
ConradGenotype	7	87146297	87148760	cg08876591	0.0158772419077096	0.00296407266299647	1.41381508126023e-06
ConradGenotype	4	25899575	25904442	cg18489440	0.103968055267272	0.00720177936836014	2.43304228410301e-21
ConradGenotype	19	20592635	20593903	cg19282452	-0.0777578060759955	NaN	NaN
ConradGenotype	1	85438779	85440284	cg10515956	0.0255043863209168	0.0038572589591083	1.00450314379033e-08
ConradGenotype	17	7277809	7278290	cg16545079	-1.4140573263453	NaN	NaN
ConradGenotype	5	172905608	172907328	cg19728382	0.182765466853232	0.036110751002053	4.22477770344237e-06
ConradGenotype	14	24332137	24332912	cg17109273	0.00819344301162434	NaN	NaN
ConradGenotype	14	24332137	24332912	cg16761581	-0.0466650633622775	NaN	NaN
ConradGenotype	3	50318470	50324352	cg14448864	-0.00548466227840461	NaN	NaN
ConradGenotype	3	50318470	50324352	cg12444340	0.00379711652204873	NaN	NaN
ConradGenotype	16	15883340	15931383	cg08349806	0.0383754760452722	0.027772836676269	0.172436389644089
ConradGenotype	19	54871783	54872263	cg03138668	-0.0276716899225879	NaN	NaN
ConradGenotype	2	54419132	54420976	cg14832904	0.266192152402746	0.0663943001447154	0.000163861490504498
ConradGenotype	5	90535526	90537843	cg19369775	0.0174344112345679	0.00195454861134585	7.80520342054312e-13
ConradGenotype	12	12144189	12145952	cg08849126	0.0114034897613486	0.0131138915134077	0.388245624744606
ConradGenotype	4	7887358	7888726	cg18619267	-0.0172154769209358	0.0217816448616534	0.432589974128767
ConradGenotype	15	90475894	90478000	cg07766315	0.0260481554464647	0.00372856448591617	2.44812983345978e-09
ConradGenotype	16	68702855	68754003	cg17091851	-0.0228648022359655	NaN	NaN
ConradGenotype	2	101419843	101420750	cg25853833	-0.00160681225123772	0.00093888091884935	0.0926396583595812
ConradGenotype	2	101419843	101420750	cg12293634	-0.00119200652420165	0.00205575253750683	0.564390712923948
ConradGenotype	12	52059516	52060091	cg18748332	-0.00185875466973462	NaN	NaN
ConradGenotype	1	165802604	165803417	cg09554443	-0.0486850597291499	NaN	NaN
ConradGenotype	1	147302148	147516215	cg09409398	0.0153496905038397	0.00194193565720391	6.42643323085851e-11
ConradGenotype	17	36760471	36779150	cg24505527	NaN	NaN	NaN
ConradGenotype	15	99159046	99159855	cg17115258	0.0107775169972107	0.00187197643346426	3.7603623544549e-07
ConradGenotype	14	64676323	64677672	cg19637116	0.00655736499663001	NaN	NaN
ConradGenotype	11	67984087	67985333	cg10413342	-0.000715412523980496	NaN	NaN
ConradGenotype	22	19363919	19369607	cg01657694	0.00424939047811158	0.000688588293126235	7.99481835633413e-08
ConradGenotype	22	19363919	19369607	cg13720744	0.00334876263399923	0.000782192370046856	7.34877712550881e-05
ConradGenotype	22	19363919	19369607	cg17239761	0.00840965882935918	0.00178705233272598	1.69993019987016e-05
ConradGenotype	22	41209145	41335158	cg20727362	0.0824892789166065	0.0302593649352029	0.00871433416860393
ConradGenotype	7	147704059	147707263	cg00006414	0.0500831564421053	0.00501937152296952	1.36514157638964e-14
ConradGenotype	18	51514726	51516780	cg07980804	0.013143610583706	0.00263531121435455	5.53531301456803e-06
ConradGenotype	8	95716183	95717097	cg26350286	0.0202873177891721	0.00349477944485586	2.59404241100623e-07
ConradGenotype	10	91988451	91992013	cg20571908	0.0264926417539653	0.00988250836578763	0.00947060906811542
ConradGenotype	7	16138321	16140500	cg12567315	0.00794024623679146	0.00300275420959604	0.0104312331906213
ConradGenotype	1	155440279	155443057	cg06106793	0.022875910249615	NaN	NaN
ConradGenotype	12	11917753	11918281	cg03272031	0.000449392321740891	0.00182636603648432	0.806553159438125
ConradGenotype	3	62585242	62587380	cg19629292	0.0618733573744277	0.0144463490585651	6.64294471445552e-05
ConradGenotype	19	11156091	11157445	cg15334028	0.00281345369119507	0.0038610196038013	0.469529477487856
ConradGenotype	6	31383960	31387412	cg14663792	0.0127026470116369	0.00267840472178132	4.48569953885042e-05
ConradGenotype	6	31383960	31387412	cg04513728	0.0539122597793198	0.0173738898718128	0.00406568831805316
ConradGenotype	8	120088560	120096979	cg19620294	0.156621781389378	0.0392078863825962	0.000174476934740008
ConradGenotype	12	131483704	131484789	cg21432513	0.417726733269826	0.0217655465833456	8.42458525526816e-27
ConradGenotype	13	94818369	94822017	cg17183991	0.00139282212567598	0.000500003579546653	0.00710846103534182
ConradGenotype	1	147300034	147726239	cg09409398	0.00866199479694772	0.00115427734519471	4.16358896038657e-10
ConradGenotype	11	17166514	17167872	cg11981631	-0.0173084791592917	0.0145659733471636	0.239828315381258
ConradGenotype	18	76009800	76011900	cg02955504	0.3831017866786	0.0273553399386974	2.04330345453104e-20
ConradGenotype	2	46821324	46832464	cg27138584	-0.0193214824663456	0.0174539909836287	0.272945946158877
ConradGenotype	2	46821324	46832464	cg01600782	0.000881776320348249	0.00260504403117943	0.736239116609632
ConradGenotype	14	73071536	73073419	cg00815605	0.0856798893927626	0.0168722497502463	3.97029614937717e-06
ConradGenotype	10	75044000	75051412	cg18180783	0.448447182371162	NaN	NaN
ConradGenotype	20	4393359	4397529	cg27114120	0.00270729868075736	NaN	NaN
ConradGenotype	17	18469595	18491220	cg18958584	0.00535700884818485	0.00240627487536739	0.0298281320819425
ConradGenotype	20	1337176	1338798	cg10996143	-0.0151798395789806	0.00746785973026504	0.0485943096059127
ConradGenotype	19	4422340	4423189	cg26005082	-0.0447611021959666	0.0112322327263093	0.000244362804611755
ConradGenotype	17	44259885	44263429	cg17778721	0.0013807719101414	0.00232432391575441	0.555003863016449
ConradGenotype	1	153926378	153931106	cg17921310	-1.90798572896438	2.2895887791009	0.408873016264347
ConradGenotype	1	153926378	153931106	cg18528640	-2.31801244620214	0.5976504342057	0.000325759760591416
ConradGenotype	16	65293885	65296309	cg19514469	0.130920625572363	0.0396812795302181	0.00168898899942657
ConradGenotype	16	65293885	65296309	cg13813391	0.20374808288534	0.0348603320868682	2.71599838869535e-07
ConradGenotype	1	40793794	40801068	cg02668729	-0.000236564544529527	0.0017848268076666	0.895077155526205
ConradGenotype	1	40793794	40801068	cg25568243	-0.00290259604322052	0.00192312508283953	0.137389947056599
ConradGenotype	22	34893700	34905559	cg05531055	-0.00425043969585781	NaN	NaN
ConradGenotype	16	2589819	2676116	cg00949442	NaN	NaN	NaN
ConradGenotype	14	102020212	102020737	cg09556292	0.0158874096711102	0.0013717819191716	7.90887990500996e-17
ConradGenotype	14	102020212	102020737	cg00708642	0.0181555109564105	0.00146157368562358	4.14001605457442e-18
ConradGenotype	3	6194115	6215583	cg02332525	0.176953368866309	0.0155334641610495	6.07621135211015e-17
ConradGenotype	9	132742245	132742808	cg26964989	-0.000512855106443388	0.0051029787339816	0.920340540986262
ConradGenotype	6	160006217	160008613	cg15298323	0.0795657790901276	0.0147928050136996	1.40355763371024e-06
ConradGenotype	2	130682838	130684330	cg09640202	0.00460163456966056	0.0332800706384639	0.890514379217088
ConradGenotype	2	130682838	130684330	cg03956267	0.00816267280672497	0.00136709163705714	1.60558232685871e-07
ConradGenotype	2	130682838	130684330	cg16169604	0.0167509774940631	0.00333526846674564	5.34932556701594e-06
ConradGenotype	2	130682838	130684330	cg26385743	0.0204484100886164	0.0345513051882794	0.556306358655239
ConradGenotype	21	34452459	34454968	cg13617782	0.0194841844976673	NaN	NaN
ConradGenotype	3	34224641	34225830	cg02699167	0.0141259226641088	0.000900690255374008	1.97340888395322e-23
ConradGenotype	8	144771634	144785886	cg22892110	0.0879306609842896	0.0516697573376671	0.0960170914406277
ConradGenotype	4	170523618	170524820	cg01654582	0.051484850557554	0.00848848260249425	8.21844225391433e-08
ConradGenotype	17	31626906	31635481	cg19678067	-0.00210565954646175	0.000735174489382315	0.00618413988351881
ConradGenotype	17	55934524	55936075	cg14623313	-0.0107697294046183	NaN	NaN
ConradGenotype	4	15215299	15216505	cg19128498	0.0199431031436682	0.00111651413147348	1.78931520771648e-25
ConradGenotype	1	244806227	244808300	cg15590526	0.00194705833106101	NaN	NaN
ConradGenotype	20	32705988	32707384	cg15056412	-0.00112365029735428	NaN	NaN
ConradGenotype	4	3029554	3039234	cg00072216	0.00416094955041334	0.00149797372590466	0.00739763204985658
ConradGenotype	12	121751048	121753991	cg20361540	0.0197128607140266	NaN	NaN
ConradGenotype	11	75820021	75826175	cg21238457	0.0196939426996009	NaN	NaN
ConradGenotype	10	74794355	74797666	cg16108132	0.0431514057293389	NaN	NaN
ConradGenotype	18	18308185	18321383	cg00940278	0.0128575180951254	0.00142004620492759	5.21611970285079e-13
ConradGenotype	12	60486092	60497244	cg15736338	-0.0316867037521221	0.0149400729598255	0.0378707236409399
ConradGenotype	5	151229543	151233114	cg08317263	0.00580047759131415	NaN	NaN
ConradGenotype	15	41780690	41782899	cg03377682	NaN	NaN	NaN
ConradGenotype	7	47250178	47256783	cg14171882	0.278109786776859	0.0073534575494938	1.6650738194434e-45
ConradGenotype	17	44706962	44707879	cg07231132	0.00244902410143619	0.00463358657687562	0.599419012043343
ConradGenotype	14	62131161	62135492	cg07052387	0.0233388307636969	0.00117327915281956	2.35323550995383e-28
ConradGenotype	14	62131161	62135492	cg26661257	0.0203973608349835	0.0010082911960562	9.62747714346604e-29
ConradGenotype	22	34894430	34901494	cg05531055	-0.00183200320587795	NaN	NaN
ConradGenotype	8	144188813	144193250	cg10918419	-0.0206958633729613	0.0431165929940424	0.633719522987037
ConradGenotype	2	164349439	164353966	cg22380033	0.017751458646697	0.0014241754902848	1.16688143394374e-18
1000GPgenotype	16	67174843	67180909	cg26012103	-0.0162503526867344	NaN	NaN
1000GPgenotype	9	139893432	139897015	cg16386080	0.149972871273238	0.0406597767043416	0.000629379243545798
1000GPgenotype	17	55224998	55225966	cg05856931	-0.0262913589615494	0.0295852985093005	0.378439661293113
1000GPgenotype	18	61917850	61920182	cg25602457	0.0532348525	0.0347840727841086	0.131969753045653
1000GPgenotype	16	73987360	73988137	cg06736444	-0.107956386949872	0.0286995645491204	0.000459112121459031
1000GPgenotype	8	144584722	144584824	cg17176732	-0.00506850700575112	NaN	NaN
1000GPgenotype	8	144584722	144584824	cg16729690	-0.0105762858875683	NaN	NaN
1000GPgenotype	5	88078895	88079222	cg17329249	0.0552644307236842	0.00241967495536571	8.97419543225689e-29
1000GPgenotype	14	106057907	106057966	cg04585992	0.0175988078481013	0.00111008323982075	1.46921382947061e-21
1000GPgenotype	7	4047791	4048822	cg07681084	0.00829569101702313	0.00105760997127401	2.90271134897182e-10
1000GPgenotype	2	77971399	77971865	cg20389709	0.119946211696113	0.0146327541892919	7.1554390112252e-11
1000GPgenotype	22	22606435	22609225	cg17239761	0.00226169811751101	NaN	NaN
1000GPgenotype	15	21658807	21658969	cg08757531	-0.00212348175360735	NaN	NaN
1000GPgenotype	3	185359510	185360097	cg06806080	-0.00666637506228662	NaN	NaN
1000GPgenotype	3	116149712	116151030	cg14106308	0.0474576109033584	NaN	NaN
1000GPgenotype	3	192269772	192270635	cg20856064	0.0209587396438765	NaN	NaN
1000GPgenotype	8	25043112	25046230	cg15995002	0.00715746376883564	0.00967443219845901	0.463004624300288
1000GPgenotype	1	223323169	223323465	cg09633588	0.0148691923990067	NaN	NaN
1000GPgenotype	2	126159718	126168301	cg07915542	0.0156731341890244	0.0252939946859308	0.538254401016897
1000GPgenotype	11	20152279	20152418	cg20869710	0.00620280863314807	0.00318652845555543	0.0572154504096452
1000GPgenotype	11	5764712	5765830	cg07696033	-0.0279741645072989	0.0150911037357372	0.072477443898997
1000GPgenotype	14	21022465	21024502	cg10300684	0.123211656864286	0.0276352377143666	7.75398559216816e-05
1000GPgenotype	17	2141671	2141805	cg06759215	-0.00200510785122818	NaN	NaN
1000GPgenotype	1	111876218	111876328	cg11844110	0.000453410688697725	0.00262016175425585	0.863509617401161
1000GPgenotype	15	85691981	85692053	cg00410576	0.0161545404987971	0.00229638915784513	5.29474838294879e-09
1000GPgenotype	10	127735174	127735974	cg08395899	-0.0158027227805582	NaN	NaN
1000GPgenotype	11	5741150	5765858	cg07696033	-0.0279741645072989	0.0150911037357372	0.072477443898997
1000GPgenotype	15	22228612	22230630	cg05924191	0.0579189768860577	NaN	NaN
1000GPgenotype	22	22619467	22620525	cg08431931	-0.0560591608739858	NaN	NaN
1000GPgenotype	17	73499878	73500192	cg23267110	0.00722420700129435	0.00198011934446748	0.00068319216687688
1000GPgenotype	2	224928174	224928712	cg26824467	0.000219181746487801	0.00192421863412577	0.909767769841172
1000GPgenotype	14	49070698	49070826	cg19168631	-0.00318316040088441	0.000983713834876207	0.00219947853976977
1000GPgenotype	15	22237952	22241300	cg05924191	0.0579189768860577	NaN	NaN
1000GPgenotype	8	23954409	23954543	cg15301700	0.033054114817974	0.0167117630822225	0.0543716047408779
1000GPgenotype	17	36675248	36685688	cg00214346	NaN	NaN	NaN
1000GPgenotype	17	36675248	36685688	cg19383689	NaN	NaN	NaN
1000GPgenotype	20	40340323	40340374	cg11004890	0.302216062836099	0.0398532905381999	9.44239088286318e-10
1000GPgenotype	8	25038502	25040900	cg15995002	0.00715746376883564	0.00967443219845901	0.463004624300288
1000GPgenotype	5	90029031	90029087	cg10331779	0.0880817133516484	0.00828820869755919	1.21906866652058e-14
1000GPgenotype	16	26290901	26291233	cg11115702	0.0849144127402817	0.018832733764179	4.0706762732807e-05
1000GPgenotype	4	57782103	57782501	cg15843217	0.16026019244407	0.0361854882804479	5.30772861310132e-05
1000GPgenotype	19	20041433	20041748	cg07242565	-0.00393715122985785	NaN	NaN
1000GPgenotype	13	29113824	29119844	cg02162950	0.0224392549331352	0.00210106304767022	1.67771173450693e-14
1000GPgenotype	11	4759098	4759408	cg17441778	0.0114455133995988	0.00398622887639226	0.00672663422228698
1000GPgenotype	9	16322324	16322438	cg10716607	0.0363287783054194	0.00553507319927773	2.89360055482511e-08
1000GPgenotype	15	22262752	22265250	cg05924191	0.0579189768860577	NaN	NaN
1000GPgenotype	2	41094412	41095830	cg16406212	0.0188228039330922	0.00244330893840979	4.23042043845958e-10
1000GPgenotype	2	41091871	41103797	cg16406212	0.0188228039330922	0.00244330893840979	4.23042043845958e-10
1000GPgenotype	19	41738022	41738337	cg24824840	0.111875682865629	NaN	NaN
1000GPgenotype	9	140099612	140101330	cg20188282	0.0139130006009624	0.00262669534954455	3.22672469367605e-06
1000GPgenotype	1	195053464	195055175	cg14106085	0.0353445327703689	NaN	NaN
1000GPgenotype	12	33113269	33113326	cg07973246	-0.0334160436303192	0.0177007790912233	0.0647446698910736
1000GPgenotype	8	25034712	25037930	cg15995002	0.00715746376883564	0.00967443219845901	0.463004624300288
1000GPgenotype	5	150860912	150862730	cg20584011	0.056915822181475	NaN	NaN
1000GPgenotype	8	76576602	76576706	cg23644127	0.00379226108482733	0.00427999272209589	0.380011550177089
1000GPgenotype	8	127470365	127474127	cg23538854	0.0269809354068085	0.00322962035954535	4.73447527066381e-11
1000GPgenotype	12	102902827	102903508	cg14914982	-0.00795632287490222	0.00277114646741079	0.00611542622684809
1000GPgenotype	10	35633213	35633542	cg07621046	0.200103407330084	0.0286206948369397	6.18611363476953e-09
1000GPgenotype	15	99159011	99159893	cg17316750	0.0132215783679362	0.0023529854054293	1.22103554717435e-06
1000GPgenotype	15	99159011	99159893	cg25808839	0.0155626464640755	0.00237549872031235	5.21334586847187e-08
1000GPgenotype	15	99159011	99159893	cg17676096	0.0137628941827207	0.00242581366159211	1.01647513215453e-06
1000GPgenotype	14	97853734	97854840	cg11700584	0.017653973592784	0.00542131466179384	0.00205081718346794
1000GPgenotype	15	22234312	22236830	cg05924191	0.0579189768860577	NaN	NaN
1000GPgenotype	10	133299069	133299399	cg24428042	0.0140691266666275	0.00131752109131004	3.68920225853492e-14
1000GPgenotype	7	39563899	39564163	cg07753583	0.0650988850505051	0.0111166928425465	3.24783806539338e-07
1000GPgenotype	7	131044876	131047079	cg03700462	0.00350973204620998	0.000527184534403507	3.28722322930441e-08
1000GPgenotype	2	41099912	41101730	cg16406212	0.0188228039330922	0.00244330893840979	4.23042043845958e-10
1000GPgenotype	19	14907392	14910477	cg18678421	NaN	NaN	NaN
1000GPgenotype	19	14907392	14910477	cg03410718	NaN	NaN	NaN
1000GPgenotype	15	19810212	19812830	cg23311628	-0.00314557136954455	0.000982737432723277	0.00243138960517663
1000GPgenotype	19	13636678	13637850	cg15456206	0.010343224743282	NaN	NaN
1000GPgenotype	12	9533412	9535530	cg14449051	-0.027077269507142	0.0115681117796199	0.0245979452766182
1000GPgenotype	15	22269112	22271030	cg05924191	0.0579189768860577	NaN	NaN
1000GPgenotype	8	138812148	138813043	cg04681849	0.0311082066666667	0.00202524310708442	5.72410299855195e-21
1000GPgenotype	19	8150155	8150976	cg17832674	-0.0505228737267937	0.0222541325088561	0.0294555135168414
1000GPgenotype	19	56825467	56828525	cg27611665	0.00191218780879393	NaN	NaN
1000GPgenotype	6	823279	823565	cg07971188	0.0257449035839161	0.00142407564252941	1.41468397220654e-23
1000GPgenotype	2	188827468	188829227	cg22395019	0.0156367129861152	NaN	NaN
1000GPgenotype	19	38264621	38264884	cg06586599	0.00873253944647318	0.00216579657295321	0.000228102183369722
1000GPgenotype	8	115703212	115704730	cg23526055	0.0291947477146947	0.00140158425685325	1.34441689539604e-26
1000GPgenotype	12	7713911	7715588	cg26829131	-0.0299219989442232	0.00873481231483511	0.00121964700137486
1000GPgenotype	15	22246712	22250530	cg05924191	0.0579189768860577	NaN	NaN
1000GPgenotype	20	35249024	35249335	cg07889201	-0.0454447675276775	NaN	NaN
1000GPgenotype	20	36572671	36572983	cg09926892	0.00783223685444483	0.00218080442902007	0.000854870483952297
1000GPgenotype	19	52496196	52496275	cg05488632	0.153513072200973	NaN	NaN
1000GPgenotype	16	58589584	58589897	cg19369556	0.076930915	0.0100787834559129	4.85813036360823e-10
1000GPgenotype	2	82889150	82889927	cg15768203	0.151795331987179	0.0112412504760551	1.24174626817377e-18
1000GPgenotype	7	150861131	150862776	cg25990230	0.00390919162587244	NaN	NaN
1000GPgenotype	18	61359207	61359301	cg07980518	0.018799077329395	0.00525254027177855	0.000778034095543245
1000GPgenotype	7	120077487	120078623	cg14427173	0.0451607345952869	NaN	NaN
1000GPgenotype	15	22220463	22270264	cg05924191	0.0579189768860577	NaN	NaN
1000GPgenotype	3	163118206	163118385	cg14870461	-0.0326827807848196	0.00963833202510439	0.00135241579514233
1000GPgenotype	3	163118206	163118385	cg03929796	-0.0857943113572631	0.0238046262126687	0.000710772833639497
1000GPgenotype	19	55526309	55526366	cg06650786	-0.0938130959540051	NaN	NaN
1000GPgenotype	11	5760312	5763730	cg07696033	-0.0279741645072989	0.0150911037357372	0.072477443898997
1000GPgenotype	19	41532551	41533972	cg15392792	-0.00627944529341062	NaN	NaN
1000GPgenotype	17	36675467	36681025	cg00214346	NaN	NaN	NaN
1000GPgenotype	17	36675467	36681025	cg19383689	NaN	NaN	NaN
1000GPgenotype	9	33413362	33414654	cg12118437	0.152996035214738	NaN	NaN
1000GPgenotype	13	45804889	45805037	cg16000832	0.011356951412387	0.00139124014254407	1.24953043288084e-10
1000GPgenotype	3	159758323	159758423	cg13775495	NaN	NaN	NaN
1000GPgenotype	16	18740026	18745877	cg04339860	0.0312082698219547	0.00636987357016019	1.09157244588851e-05
1000GPgenotype	16	18740026	18745877	cg19229809	0.0119134759606889	0.00187367647542977	6.54442467369516e-08
1000GPgenotype	16	18740026	18745877	cg27254601	0.00563838676147292	0.00193837547381859	0.00543996586782915
1000GPgenotype	16	18740026	18745877	cg15134649	0.00014237269071854	0.00985697110391501	0.988534520350677
1000GPgenotype	11	5753312	5756230	cg07696033	-0.0279741645072989	0.0150911037357372	0.072477443898997
1000GPgenotype	7	147703797	147707256	cg07461582	0.0171675340176056	0.0017542737370632	2.68161269488043e-13
1000GPgenotype	3	2608027	2608347	cg22700017	0.0175765638960562	0.00501838846178545	0.000994059402032891
1000GPgenotype	19	56825620	56842045	cg27611665	0.00191218780879393	NaN	NaN
1000GPgenotype	5	151230352	151232850	cg27092035	0.00707218963071438	NaN	NaN
1000GPgenotype	17	55934631	55936055	cg08635242	-0.000711597894817145	NaN	NaN
1000GPgenotype	17	70619324	70619833	cg16435601	0.00407304872201841	NaN	NaN
1000GPgenotype	13	46970883	46971205	cg00888561	0.0205486307748461	0.00375358297070294	2.25538281766928e-06
1000GPgenotype	3	196096013	196096328	cg03277051	0.00452961091145437	0.00722546310546191	0.533895464574108
1000GPgenotype	2	41098012	41098930	cg16406212	0.0188228039330922	0.00244330893840979	4.23042043845958e-10
1000GPgenotype	6	119118982	119120620	cg20955831	0.00732241814748448	0.00125967716827969	4.53879165173347e-07
1000GPgenotype	6	119118982	119120620	cg14556618	0.00898394547539745	0.00178085133193119	6.63417327934787e-06
1000GPgenotype	7	81566664	81567000	cg24169822	0.357629764335664	0.0310545864017629	6.35765312203541e-16
1000GPgenotype	2	140595894	140595987	cg06983551	0.0650831085620915	0.00308612391096081	3.81566716250333e-27
1000GPgenotype	15	22242412	22245430	cg05924191	0.0579189768860577	NaN	NaN
1000GPgenotype	7	148461681	148461744	cg06943865	0.0496058393525868	0.0147875020851623	0.00154096613548894
1000GPgenotype	15	22258712	22261530	cg05924191	0.0579189768860577	NaN	NaN
1000GPgenotype	2	181634073	181634394	cg04072323	0.147675062537818	NaN	NaN
1000GPgenotype	10	11985438	11985776	cg24334983	0.00696529933622975	0.00416941740811964	0.101055889573712
1000GPgenotype	12	76432788	76433110	cg19402885	0.113139203821643	0.0160106648115055	4.27339841482355e-09
1000GPgenotype	8	25028350	25046860	cg15995002	0.00715746376883564	0.00967443219845901	0.463004624300288
1000GPgenotype	15	22255312	22257230	cg05924191	0.0579189768860577	NaN	NaN
1000GPgenotype	17	36681367	36685525	cg00214346	NaN	NaN	NaN
1000GPgenotype	17	36681367	36685525	cg19383689	NaN	NaN	NaN
1000GPgenotype	3	193605463	193606156	cg15900980	0.00861369921819619	0.00121241816562033	5.67429946560583e-09
1000GPgenotype	19	12467942	12472271	cg00401678	0.0852302521723605	0.0253273650093777	0.00172800671689417
1000GPgenotype	19	12467942	12472271	cg11677722	0.00978853108309435	0.00245553231893692	0.00028528702819633
1000GPgenotype	17	62361003	62361318	cg18503387	0.0309908231390986	0.00285202651969438	2.04951116194205e-14
1000GPgenotype	14	75968700	75968926	cg14611174	-0.0331332339234825	NaN	NaN
1000GPgenotype	6	79078312	79079230	cg16218387	-0.00507142739707839	0.00195068548599943	0.0121701948006634
1000GPgenotype	15	99202548	99202769	cg25829226	0.0132013693663385	0.00391059756783335	0.00154708534168275
1000GPgenotype	17	50288737	50288968	cg12844497	0.0225630851633727	NaN	NaN
1000GPgenotype	3	108520640	108523022	cg05570980	0.0596836570278826	NaN	NaN
1000GPgenotype	5	23938779	23940991	cg26413355	0.011866993990974	0.00468589155253736	0.0146502797396901
1000GPgenotype	11	130001608	130001852	cg11781389	0.0686246559985521	0.0119444907182296	5.43069902763157e-07
1000GPgenotype	2	215291705	215292021	cg02358761	0.0271225058682635	0.000891271357483655	8.31443081196077e-35
1000GPgenotype	6	31384612	31386630	cg00893987	0.0250095399778922	0.00836540440310344	0.00753249358251398
1000GPgenotype	6	31384612	31386630	cg02599464	0.0212665815198676	0.00792859219663901	0.0147421588183006
1000GPgenotype	2	115344575	115345313	cg13297249	0.294811861632116	0.0374373120063623	2.28107590994172e-10
1000GPgenotype	11	42112726	42113054	cg23617121	0.438244431305392	0.0344437065324574	2.67798193620502e-17
1000GPgenotype	19	56828967	56841025	cg27611665	0.00245958889727488	NaN	NaN
1000GPgenotype	13	37955316	37958201	cg03623878	0.00674542065476232	0.00188347477586874	0.000795415803679199
1000GPgenotype	1	56173871	56174191	cg16343696	-0.000111739498550846	0.0040249864117102	0.977977940005211
1000GPgenotype	17	32217537	32217855	cg22325646	0.012948699374073	0.00344558360208491	0.000511169597519158
1000GPgenotype	17	32217537	32217855	cg26129916	0.00889335874613262	0.00228068742331143	0.000333387495308986
1000GPgenotype	17	15730283	15734513	cg10944783	-0.00600717272743415	NaN	NaN
1000GPgenotype	11	5756712	5759730	cg07696033	-0.0279741645072989	0.0150911037357372	0.072477443898997
1000GPgenotype	2	91190348	91190412	cg03552103	0.150285396575342	0.0235572674362697	4.81929214714799e-08
1000GPgenotype	4	176357119	176357507	cg23595927	0.325665208693552	0.0292962225145065	4.05521632103003e-15
1000GPgenotype	3	156893652	156893976	cg02332525	0.358522037217391	0.0555895621788989	4.02964257732171e-08
1000GPgenotype	1	225548888	225549205	cg04668164	0.0217485361494008	NaN	NaN
1000GPgenotype	11	85981879	85984206	cg03750407	0.0187678382824006	0.00137139843031763	2.3096425052249e-18
1000GPgenotype	15	23482491	23483470	cg12623088	-0.00940332834675953	0.00479467919221566	0.0598696951886746
1000GPgenotype	9	108063938	108064248	cg26805528	0.0646468182288008	0.0102358283488909	6.54607671463252e-08
1000GPgenotype	8	25032812	25034130	cg15995002	0.00715746376883564	0.00967443219845901	0.463004624300288
1000GPgenotype	8	25041114	25042787	cg15995002	0.00715746376883564	0.00967443219845901	0.463004624300288
1000GPgenotype	4	61710907	61711189	cg02553486	0.184680947835052	0.0127912772352869	7.85558176419651e-20
1000GPgenotype	4	147139029	147147190	cg13743031	-0.00105234375977258	NaN	NaN
1000GPgenotype	10	66702393	66702807	cg03285457	0.178278825142857	0.0253899208997854	4.57056201525721e-09
1000GPgenotype	19	41532592	41538912	cg15392792	-0.00627944529341062	NaN	NaN
1000GPgenotype	19	22899898	22903253	cg20897667	0.203380952409937	0.0276378901400376	1.6501031932425e-09
1000GPgenotype	19	59248112	59250930	cg24836583	0.0313868851932532	NaN	NaN
1000GPgenotype	8	25029502	25031800	cg15995002	0.00715746376883564	0.00967443219845901	0.463004624300288
1000GPgenotype	11	5741412	5745230	cg07696033	-0.0279741645072989	0.0150911037357372	0.072477443898997
1000GPgenotype	10	10748550	10748869	cg11443787	0.0570171731111111	0.00731594314937607	2.70163695124718e-10
1000GPgenotype	10	75043831	75051240	cg16786703	0.0125210646927343	NaN	NaN
1000GPgenotype	1	101161140	101161459	cg26168975	0.0434419060659544	0.00536138598703789	1.54098919027959e-10
1000GPgenotype	12	29735649	29737702	cg00113951	0.0571569064142353	0.0097226013589341	3.3756052359143e-07
1000GPgenotype	10	135090812	135092535	cg20441175	0.00667831764974718	0.00129637645180676	5.83646639464304e-06
1000GPgenotype	10	135090812	135092535	cg08413366	0.0141400192324148	0.00303259264475703	2.91218701067676e-05
1000GPgenotype	7	50606059	50606149	cg17628717	-0.113024993805605	0.0246691727302145	3.52510595014579e-05
1000GPgenotype	17	15730467	15731525	cg10944783	-0.00604624836437699	NaN	NaN
1000GPgenotype	22	41428595	41428962	cg00199549	0.156073792453868	NaN	NaN
1000GPgenotype	17	68881570	68882400	cg00032227	0.00440897095998895	0.000824596073851457	2.33141601329789e-06
1000GPgenotype	8	115710052	115712400	cg23526055	0.0291947477146947	0.00140158425685325	1.34441689539604e-26
1000GPgenotype	3	62585658	62587088	cg20449692	0.0053910738389977	0.0279713598026758	0.847962748089904
1000GPgenotype	4	186120545	186120652	cg26454299	-0.0107190774524432	0.0152990542777424	0.486912377872012
1000GPgenotype	9	140095736	140101839	cg20188282	0.0139130006009624	0.00262669534954455	3.22672469367605e-06
1000GPgenotype	2	162040514	162042287	cg06645778	-0.00750925500256214	NaN	NaN
1000GPgenotype	15	47332156	47335146	cg20484306	-0.00228590398209577	0.0018541558864242	0.223761268316132
1000GPgenotype	17	19512503	19512912	cg21571937	0.0280499671418181	NaN	NaN
1000GPgenotype	19	737551	737695	cg04947578	0.00492582784751977	NaN	NaN
1000GPgenotype	19	737551	737695	cg01533387	0.00446061334020517	NaN	NaN
1000GPgenotype	19	737551	737695	cg05955224	0.0188387956955421	NaN	NaN
1000GPgenotype	19	737551	737695	cg04878842	0.0441985465718747	NaN	NaN
1000GPgenotype	15	22223428	22274001	cg05924191	0.0579189768860577	NaN	NaN
1000GPgenotype	17	23054555	23054626	cg23918047	0.00524393839806901	0.00167505666319141	0.0030614926994525
ConradGenotype	3	46769428	46826524	cg18925884	-0.00899804334557611	0.00408077509112525	0.0321794011108386
ConradGenotype	3	46769428	46826524	cg00838150	-0.00686627213013064	0.00377047253930271	0.0747056623378646
ConradGenotype	11	55121253	55209637	cg11980188	0.0121362895522201	0.00541389885370499	0.0285697919193631
ConradGenotype	11	55121253	55209637	cg01800843	0.00415430511609682	0.0052372656209591	0.430674701776541
ConradGenotype	2	54366555	54371160	cg17741106	0.0174825776595745	0.00141228181426264	1.59020503247254e-18
ConradGenotype	6	31378345	31387412	cg05402265	0.0255354047278378	0.00696472877155985	0.000914477024011389
ConradGenotype	2	131938233	131941074	cg13901526	0.011554695542776	0.00213878369987071	1.33737146341725e-06
ConradGenotype	2	131938233	131941074	cg01594915	0.0108346645858455	0.00212075288455833	3.91239622972063e-06
ConradGenotype	2	131938233	131941074	cg17043155	0.0106463481439856	0.00291747822967133	0.000572088954458198
ConradGenotype	2	131938233	131941074	cg26454191	0.00690727156433814	0.00134763689401504	3.68382924421531e-06
ConradGenotype	2	131938233	131941074	cg04533291	0.0834450558717809	0.0169872786613255	7.94770064412788e-06
ConradGenotype	5	19410578	19412168	cg03992230	0.0187542883580613	0.0014226891345319	8.9767952553993e-20
ConradGenotype	6	69527894	69528390	cg20879959	0.0194686497322058	0.00696742428883232	0.00688422501022961
ConradGenotype	1	177722257	177724955	cg07597871	0.00358103619496747	NaN	NaN
ConradGenotype	18	61917905	61920159	cg25602457	0.0490283940909091	0.0270996292553914	0.0751181994209069
ConradGenotype	2	1079649	1080699	cg13057368	0.0161267762063432	0.00188744614851565	5.12004769301067e-12
ConradGenotype	19	59424694	59435445	cg05562817	0.00221332389664022	NaN	NaN
ConradGenotype	19	59424694	59435445	cg03900104	0.00517925620488735	NaN	NaN
ConradGenotype	19	59424694	59435445	cg18145683	-0.0346644032663415	NaN	NaN
ConradGenotype	6	23268749	23271735	cg03807235	0.0334950778698418	0.00527116704374027	2.62726704342852e-08
ConradGenotype	15	82606345	82625912	cg17788682	0.0192931955436666	NaN	NaN
ConradGenotype	4	42457499	42464276	cg22609784	0.223889560447761	0.034919505703379	2.09423222483683e-08
ConradGenotype	7	102135311	102152748	cg13360404	-0.000758442575609725	0.000528413239389174	0.156303581267117
ConradGenotype	3	178865818	178866301	cg17767184	0.0462876422065728	0.0031503118178626	3.5155996202155e-22
ConradGenotype	3	178865818	178866301	cg06429195	0.486729355868545	0.0172096488569974	6.98888816573506e-38
ConradGenotype	12	40984186	40986093	cg08519905	0.065045708570931	0.00961485808877051	5.47381853309048e-09
ConradGenotype	11	49666184	49714391	cg05812599	0.420371178786737	0.010435820160337	1.10912821514505e-46
ConradGenotype	4	9783252	9843664	cg10063179	0.107244071173989	0.0264788831517809	0.000153858837024448
ConradGenotype	16	32364447	32569534	cg21503093	0.000148215945681179	0.00146934203602328	0.91999382472865
ConradGenotype	14	42057216	42062664	cg25836301	0.223573459388646	0.0056830579655795	1.48138152258328e-46
ConradGenotype	7	4039859	4049085	cg11467738	0.00755539169766686	0.00181271536087924	9.85568429221115e-05
ConradGenotype	7	4039859	4049085	cg10289912	0.00634869578028591	0.00117785474693086	1.20256656657573e-06
ConradGenotype	7	4039859	4049085	cg01527212	0.00625477301175371	0.00145941736653603	6.57843968933769e-05
ConradGenotype	11	85980916	85984169	cg26125443	0.0150783917729319	0.00120995702883123	2.04237040451465e-18
ConradGenotype	22	43933465	43935464	cg11826116	-0.00253277980911912	NaN	NaN
ConradGenotype	17	15730266	15734437	cg27349746	-0.0087033292354359	NaN	NaN
ConradGenotype	20	59546452	59547047	cg17371067	0.00451783024591876	0.000612438760078483	6.81991502302478e-10
ConradGenotype	20	59546452	59547047	cg04757428	0.0242666741694662	0.00919019599049474	0.0106189473891013
ConradGenotype	9	90097884	90099175	cg15919045	0.00391323106344053	NaN	NaN
ConradGenotype	12	68575998	68577013	cg04926244	0.095620009850286	0.0125708961604419	3.10333812687203e-10
ConradGenotype	12	68575998	68577013	cg01493517	0.022887899821619	0.00376004265389584	1.03505569947442e-07
ConradGenotype	7	78509600	78512689	cg24650353	0.0151897202393162	0.000580488502760833	1.49801490807987e-35
ConradGenotype	12	58808113	58811315	cg15062795	0.0210704745762712	NaN	NaN
ConradGenotype	16	55884184	55884708	cg18160978	-0.00585737860871691	0.00200427247858144	0.00524175394825498
ConradGenotype	13	19548177	19549772	cg11668844	0.053589317790449	0.0225478384866316	0.0209758992268078
ConradGenotype	16	70646001	70669798	cg01374047	0.0104612578099665	NaN	NaN
ConradGenotype	12	94561061	94562351	cg22573917	0.00139960910779773	0.00221872860153734	0.530597053604267
ConradGenotype	1	159746569	159913382	cg24744425	-0.000387597613109941	NaN	NaN
ConradGenotype	7	141388076	141441024	cg18349835	-0.0213841720140167	0.00602397248247588	0.000850102604403762
ConradGenotype	6	82232906	82234243	cg19221044	0.0100401822624434	0.00046375788609331	3.75152342483745e-31
ConradGenotype	8	16366558	16370954	cg27342122	0.0319726640092305	0.00455542039277499	2.1528595170294e-09
ConradGenotype	11	48557432	48560877	cg24528523	0.0273984469269546	NaN	NaN
ConradGenotype	10	3563693	3565449	cg09352789	0.0839580710551343	0.0118364159661614	1.37465160832056e-09
ConradGenotype	19	14907340	14910599	cg06600447	0.00418613239249285	NaN	NaN
ConradGenotype	19	14907340	14910599	cg03410718	0.0512302350083864	NaN	NaN
ConradGenotype	7	51422202	51423357	cg09504196	0.0026277873851985	0.000896820086611936	0.00489544933655928
ConradGenotype	5	87414712	87417880	cg13755535	0.0208050643229167	0.00118506773636791	3.70830882036844e-26
ConradGenotype	9	28067619	28069168	cg25910443	0.00129403264685507	NaN	NaN
ConradGenotype	16	67345074	67351437	cg19289461	0.0750472415825705	NaN	NaN
ConradGenotype	11	119578548	119579874	cg17606683	-0.000717070202709502	NaN	NaN
ConradGenotype	11	119578548	119579874	cg11879480	0.00515154867354384	NaN	NaN
ConradGenotype	8	89995905	89999006	cg22836229	0.125153696168224	0.0121634526010513	4.06774587269622e-15
ConradGenotype	8	89995905	89999006	cg23290344	0.0989081658878505	0.0124682265145452	4.67657310660549e-11
ConradGenotype	1	204239359	204366782	cg14560895	0.00343333321416987	NaN	NaN
ConradGenotype	1	204239359	204366782	cg01628253	0.00143699196140483	NaN	NaN
ConradGenotype	1	204239359	204366782	cg13650137	0.00195654516609816	NaN	NaN
ConradGenotype	1	204239359	204366782	cg06963844	0.00418300906763094	NaN	NaN
ConradGenotype	1	204239359	204366782	cg18389062	0.00315683880826818	NaN	NaN
ConradGenotype	1	204239359	204366782	cg15056107	0.00334494499495487	NaN	NaN
ConradGenotype	1	204239359	204366782	cg10549188	0.00771450348749322	NaN	NaN
ConradGenotype	20	42739045	42742188	cg06303238	0.119618641269701	NaN	NaN
ConradGenotype	12	7713851	7715100	cg26829131	-0.0335327894614748	0.00873580095370315	0.000289444347360034
ConradGenotype	10	124206745	124207345	cg20778669	0.0888171910127626	0.0231098783210619	0.000312335666420638
ConradGenotype	9	129072975	129074561	cg08026144	0.0288418538768852	0.00344238421813008	2.79502055436452e-11
ConradGenotype	6	719091	719831	cg02914379	0.0627900738371384	0.0107061745786067	1.88159758443514e-07
ConradGenotype	11	57923640	57924844	cg05650764	0.00246449579565343	0.000705850920974225	0.000954838340055553
ConradGenotype	19	21428050	21429849	cg04947578	0.0242212333239266	0.000702017821099434	1.26094101597408e-42
ConradGenotype	19	21428050	21429849	cg18109231	0.0207167698851038	0.000665684466922446	5.86838782211145e-40
ConradGenotype	1	152424866	152427926	cg20375554	0.00862047356516382	0.0024696414640433	0.00126413000864311
ConradGenotype	19	11900599	11907033	cg11980435	0.00954616328928182	0.00341762524202899	0.00728767608747254
ConradGenotype	19	11900599	11907033	cg09998229	0.00336789831558683	0.00105059426576859	0.00230486648825477
ConradGenotype	19	11900599	11907033	cg04076481	0.011054134437527	0.00346123734656449	0.0023863624516504
ConradGenotype	19	11900599	11907033	cg24807354	0.00808418632696845	0.00839130944282417	0.339805840491077
ConradGenotype	8	39350819	39506576	cg17703554	0.200159645491643	0.026250320330343	5.00092454602548e-10
ConradGenotype	19	59247515	59252299	cg15705469	0.00598067558824183	NaN	NaN
ConradGenotype	19	59247515	59252299	cg24836583	0.0136989058239404	NaN	NaN
ConradGenotype	7	55102374	55103361	cg18329349	0.0407345327580411	0.00306308509018488	8.11169704992227e-20
ConradGenotype	15	30231548	30296440	cg07501965	0.0136421786422003	0.00201976776477715	6.11513591626872e-09
ConradGenotype	5	52494608	52495458	cg04833050	-0.0146234496988922	0.0235720828793383	0.537362499807654
ConradGenotype	7	71682534	71684330	cg19831077	0.0572109172644795	0.0184472151315081	0.00289828790325178
ConradGenotype	22	33230119	33231341	cg08315277	0.058609879666319	0.0285096226067166	0.0440892852497042
ConradGenotype	7	31282013	31285456	cg22799850	0.0372036053136055	0.0232278953021201	0.115285060468534
ConradGenotype	10	67012476	67014181	cg09772154	0.0676457481770833	0.00979683267936842	2.73183771129508e-09
ConradGenotype	9	10394571	10395103	cg04648440	0.012350545	0.00188246598205105	1.08986364533547e-08
ConradGenotype	1	204366847	204372531	cg01460479	0.0734210557230667	NaN	NaN
ConradGenotype	5	26832459	26837664	cg16268429	0.122679604966758	0.0262629178729911	1.61922719471264e-05
ConradGenotype	17	36675163	36685731	cg25349574	NaN	NaN	NaN
ConradGenotype	17	36675163	36685731	cg26162695	NaN	NaN	NaN
ConradGenotype	17	36675163	36685731	cg19383689	NaN	NaN	NaN
ConradGenotype	14	73064141	73121720	cg09539408	0.00340668453873335	0.000434282383115742	1.00328104348667e-10
ConradGenotype	1	120557209	120738188	cg14560895	-0.0011936970592748	0.0019036752024734	0.533131019851078
ConradGenotype	1	120557209	120738188	cg18389062	-0.000223938410103222	0.000822405798456558	0.786377840770738
ConradGenotype	1	120557209	120738188	cg10549188	0.000738735402913471	0.00249195562946856	0.767965418628244
ConradGenotype	11	5594077	5595733	cg01192900	0.00357931176322412	0.0293960687780742	0.90361821295909
ConradGenotype	18	7134225	7136816	cg13760546	0.00342234222621772	0.00105933960031625	0.00197816793150036
ConradGenotype	18	7134225	7136816	cg14118546	0.00405877770689465	0.00161370728038069	0.0145031827137169
ConradGenotype	18	7134225	7136816	cg19496782	0.00779546106692458	0.00338451763158893	0.0246307925823509
ConradGenotype	3	167537664	167538667	cg02672493	0.0305257412889366	0.00832387890630681	0.000505629979891046
ConradGenotype	1	177873980	177874648	cg10409799	-0.00325294475153204	NaN	NaN
ConradGenotype	1	177873980	177874648	cg24800810	-0.0363648601711277	NaN	NaN
ConradGenotype	5	42127774	42131656	cg09786257	-0.0340691944260103	0.0394372781788651	0.391092601537284
ConradGenotype	5	163597906	163598998	cg01673583	0.501506485462555	0.0131408729971083	9.56257819695435e-46
ConradGenotype	19	20592635	20593903	cg17164520	-0.0475842863022012	NaN	NaN
ConradGenotype	11	58351105	58352597	cg13145013	-0.00996196752779754	0.00461575661563223	0.0352105471524382
ConradGenotype	6	51307432	51308104	cg21610516	-0.00441814658917908	0.00354246472418603	0.217172182018066
ConradGenotype	2	195687880	195692616	cg22418360	0.0268284936241611	0.00410605179381634	1.21408379582083e-08
ConradGenotype	16	15883340	15931383	cg23113963	0.148199310404545	0.0491962069213196	0.00386072302302235
ConradGenotype	1	14308898	14311535	cg24420778	0.00379899391150497	NaN	NaN
ConradGenotype	3	1892743	1898214	cg17289734	0.0107034968346381	0.0017749966480412	1.04003061631936e-07
ConradGenotype	3	1892743	1898214	cg18986332	0.0037722280227305	0.000541872418710913	2.69869193916957e-09
ConradGenotype	11	3224785	3316422	cg19587401	-0.0390789732666835	1.60756115563786	0.980752158778764
ConradGenotype	8	108850513	108851309	cg23687960	0.0114502451444033	0.000497707858796412	9.24302259140049e-32
ConradGenotype	8	7330051	7342809	cg04678793	-0.00259362430915834	0.00101336744562381	0.0133185123182451
ConradGenotype	8	7330051	7342809	cg11434468	-0.000959210615126105	0.000428678392221738	0.0293945810881027
ConradGenotype	13	37955318	37958191	cg03623878	0.00750895544676684	0.00167487765137378	3.37254830184743e-05
ConradGenotype	1	156993484	156994714	cg24215727	-0.010147375770527	NaN	NaN
ConradGenotype	3	116730916	116732469	cg14386548	0.278359040617404	NaN	NaN
ConradGenotype	3	116730916	116732469	cg26417554	0.311802502625182	NaN	NaN
ConradGenotype	3	116730916	116732469	cg27239147	0.0126685533932912	NaN	NaN
ConradGenotype	2	101419843	101420750	cg14101501	-0.0068368422246812	0.00251160799468724	0.00867192179380001
ConradGenotype	2	101419843	101420750	cg16691616	-0.00259983528711614	0.000746334715309314	0.00097863645520625
ConradGenotype	2	101419843	101420750	cg11206667	-0.00650463678644137	0.00210422254169684	0.0031265945225478
ConradGenotype	2	101419843	101420750	cg25961684	-0.00444037964020257	0.0018935547064558	0.0226635632938067
ConradGenotype	2	101419843	101420750	cg25856179	-0.00437356861973912	0.00169690110283599	0.0126659936357273
ConradGenotype	2	101419843	101420750	cg22148652	-0.00350334986927099	0.00150429594425394	0.0235663673669473
ConradGenotype	2	101419843	101420750	cg02801485	-0.00526352532093767	0.00535588962620119	0.330031693518792
ConradGenotype	2	101419843	101420750	cg15091337	-0.0131631311657541	0.00448471688516689	0.00485754498091215
ConradGenotype	2	101419843	101420750	cg01780482	-0.00449786451874869	0.00203220945943377	0.0310449510904288
ConradGenotype	2	101419843	101420750	cg23816572	-0.00478450636184934	0.00146312828335331	0.00185844146290837
ConradGenotype	2	101419843	101420750	cg12066181	-0.00648231865198988	0.00198211159283383	0.00185647715132223
ConradGenotype	2	101419843	101420750	cg20497627	-0.00486517090359715	0.00162206018933585	0.00405819115315504
ConradGenotype	12	89011704	89016192	cg16175725	0.263214383123309	0.0373473317602285	2.6493297026041e-09
ConradGenotype	12	89011704	89016192	cg13003163	0.234438353050556	0.0337758976767391	3.98984135623312e-09
ConradGenotype	15	47332068	47335163	cg14492347	-0.00222050943520602	0.00221932446645814	0.32113813063345
ConradGenotype	14	20419500	20493353	cg01117627	0.00876203998025482	0.00198460672032745	6.26385266149496e-05
ConradGenotype	14	33583803	33584597	cg13729392	0.0176556933820823	0.00458341288718357	0.000291121199442112
ConradGenotype	12	76622959	76624876	cg06554542	0.00619638815616471	0.000308830757638062	4.66576384622832e-29
ConradGenotype	5	21485958	21488203	cg07233761	0.0155310192261905	0.0013534958456332	3.54021047071999e-17
ConradGenotype	15	99159046	99159855	cg05749577	0.00886897834620523	0.00136810577742599	2.46703390628109e-08
ConradGenotype	15	99159046	99159855	cg05024638	0.0114567752461302	0.00160610542495379	2.08424869609435e-09
ConradGenotype	15	99159046	99159855	cg19771482	0.0178360206830687	0.00281928850505156	4.4533012664676e-08
ConradGenotype	15	99159046	99159855	cg13401987	0.00947931669452282	0.00161806721709839	2.58052201953352e-07
ConradGenotype	15	99159046	99159855	cg25808839	0.0155039586842193	0.00207965538746317	6.12440245050392e-10
ConradGenotype	15	99159046	99159855	cg06380007	0.0080652912684504	0.00118533088111534	7.28483302163768e-09
ConradGenotype	15	99159046	99159855	cg19911362	0.0213648583718817	0.00352339689398207	1.19714919123799e-07
ConradGenotype	15	99159046	99159855	cg07288587	0.0104217889963824	0.00153492765678555	7.697250712438e-09
ConradGenotype	15	99159046	99159855	cg06746101	0.00971209021142218	0.00153776766073422	4.63716871977845e-08
ConradGenotype	15	99159046	99159855	cg23790767	0.0110518794577379	0.00162592297702796	7.47997026936698e-09
ConradGenotype	15	99159046	99159855	cg17316750	0.0138289560160443	0.00208216384888589	1.35074145006361e-08
ConradGenotype	15	99159046	99159855	cg17676096	0.0139971777791534	0.00211437495013167	1.46617338027255e-08
ConradGenotype	15	99159046	99159855	cg16016951	0.0139147785118277	0.00202574369578833	5.69631119007907e-09
ConradGenotype	15	99159046	99159855	cg13959611	0.0171885115624097	0.00269515339801984	3.67119830156263e-08
ConradGenotype	5	18909031	18910797	cg15034135	0.0148248364971751	0.000896686369334978	1.34857998186419e-24
ConradGenotype	2	110342773	110348620	cg08321346	0.0899697128922494	0.0145639502706285	5.86718191984518e-08
ConradGenotype	9	19263398	19264277	cg12876594	0.29921023702154	NaN	NaN
ConradGenotype	6	108132828	108141795	cg20612615	0.00631650241189478	0.000331421072010117	2.24116919151231e-27
ConradGenotype	22	41209145	41335158	cg12376277	0.000829719211731306	0.00267242160141655	0.757441067144457
ConradGenotype	7	147704059	147707263	cg07461582	0.0175065635368421	0.00162830064083059	6.86938211241009e-16
ConradGenotype	8	133129707	133130842	cg14830952	0.00071567027867224	0.00156999389334257	0.650121760912531
ConradGenotype	7	7011921	7020505	cg14094960	0.0250776502065525	0.00879474873002864	0.00595992033489601
ConradGenotype	4	190032287	190033212	cg09435090	0.0186467792785412	NaN	NaN
ConradGenotype	4	190032287	190033212	cg19252175	0.00198866434598671	NaN	NaN
ConradGenotype	4	190032287	190033212	cg09475757	0.00712721282888884	NaN	NaN
ConradGenotype	4	190032287	190033212	cg04418771	0.00158910998202895	NaN	NaN
ConradGenotype	4	190032287	190033212	cg02715115	0.00212723303057238	NaN	NaN
ConradGenotype	10	91988451	91992013	cg18762485	0.0043154159131879	0.00161655901760087	0.00975827999513093
ConradGenotype	22	22101503	22104165	cg23748737	0.00102294813803749	NaN	NaN
ConradGenotype	5	1977604	1978111	cg21835622	0.0153101323987056	0.0075683082241993	0.0476198079912431
ConradGenotype	22	28666350	28667198	cg23503501	-0.083787589094644	0.0490213863974633	0.0938718581450364
ConradGenotype	6	31383960	31387412	cg05402265	0.0257427785383328	0.00621217975463846	0.000244478717857414
ConradGenotype	1	10405137	10406094	cg10035922	-0.00701894981787923	0.00227819030179235	0.00319700937978814
ConradGenotype	4	116386404	116397731	cg26578617	0.0700249658523623	0.00538089875552002	2.19190493342917e-19
ConradGenotype	7	61278218	61280754	cg25299676	0.0503880992814371	0.00686542035653062	4.70878299639855e-10
ConradGenotype	17	69234006	69234625	cg08209724	-0.0729101602835189	0.0336756314729454	0.0345826119206063
ConradGenotype	14	73071536	73073419	cg09539408	0.00449743751021164	0.000553850758324173	3.05557637014568e-11
ConradGenotype	8	53863532	53864180	cg19288520	0.00790978695316923	0.000930079792884312	6.7899364206846e-12
ConradGenotype	8	53863532	53864180	cg10245048	0.0178421621933131	0.00168788398918001	2.50652691112864e-15
ConradGenotype	4	138311476	138320204	cg06251489	0.0316181229807692	0.00118547447988724	2.23342252907779e-36
ConradGenotype	4	173661594	173670645	cg09018824	0.306790720898683	0.0597662871131794	3.04635809177845e-06
ConradGenotype	17	53042845	53044836	cg19598544	0.00250995730452078	0.000811602785876311	0.00311441600345518
ConradGenotype	16	26824444	26827013	cg20981893	-5.2443090267168e-05	NaN	NaN
ConradGenotype	16	26824444	26827013	cg13439730	0.284150720146422	NaN	NaN
ConradGenotype	20	1337176	1338798	cg24158546	-0.00456401404067797	0.00232324184874802	0.0562742653784903
ConradGenotype	20	1337176	1338798	cg07955828	-0.00498643489188258	0.00139934614608333	0.000945789756258972
ConradGenotype	11	89324164	89328039	cg10805667	0.00466100099407954	0.000369281948737364	6.61206402099616e-19
ConradGenotype	1	142612557	142700497	cg14560895	0.0181169587455197	0.00136983554743163	5.70555958626026e-20
ConradGenotype	1	142612557	142700497	cg13650137	0.00740673891278375	0.000567823684596924	1.09169961158624e-19
ConradGenotype	1	142612557	142700497	cg18389062	0.00947133316606929	0.000655241865005997	7.88600598698039e-22
ConradGenotype	1	142612557	142700497	cg10549188	0.0252143175149343	0.00178535190864148	2.45813252772133e-21
ConradGenotype	12	96516188	96517708	cg14341030	0.0212404441304551	0.00252945996669253	9.14203668546633e-12
ConradGenotype	13	75005774	75017574	cg02943497	0.0199557738364247	0.000738579614853953	5.29930864319547e-36
ConradGenotype	22	28010283	28011805	cg04419707	0.0236822703367299	0.00408993241285644	3.50003594553939e-07
ConradGenotype	22	28010283	28011805	cg02278071	0.0147648466213129	0.00232434243481785	4.31681477820338e-08
ConradGenotype	11	7803274	7804168	cg04011872	0.00552805268807885	NaN	NaN
ConradGenotype	7	71907404	71913517	cg03100196	0.00229802080987854	0.0032405293091705	0.480933211958465
ConradGenotype	1	157228357	157232921	cg04049800	0.00571002755934386	NaN	NaN
ConradGenotype	6	86680559	86682553	cg08307092	0.040779203374359	0.00208425986291671	1.83570807215442e-28
ConradGenotype	6	86680559	86682553	cg14284643	0.0419180039948718	0.00352627901730547	9.61366077689706e-18
ConradGenotype	6	86680559	86682553	cg07922606	0.492936999589744	0.0301512999603182	2.39479820940691e-24
ConradGenotype	6	86680559	86682553	cg26384034	0.0234392377076923	0.0059711639413124	0.00021703643189302
ConradGenotype	1	235820675	235821523	cg14460735	0.223812548208107	0.0561846186918076	0.000186263129983838
ConradGenotype	21	27398805	27399490	cg20451718	0.0199207802645843	0.00146644452761444	3.02332928100363e-20
ConradGenotype	2	179768355	179791457	cg02801485	0.0228017366042661	0.00429262141759337	1.67077833325417e-06
ConradGenotype	16	75648508	75650440	cg25193494	0.280018314671132	0.038362473704398	7.71410869811902e-10
ConradGenotype	12	10457356	10495015	cg08567916	0.0114972881771125	0.00291740937139685	0.000346814246737391
ConradGenotype	12	10457356	10495015	cg18825539	0.0262741278160217	0.00571589329173156	4.86738860562993e-05
ConradGenotype	12	10457356	10495015	cg17639059	0.00625328496395272	0.00251232552739762	0.0174329080330563
ConradGenotype	2	130682838	130684330	cg13901526	0.0116178675733477	0.00222873532269071	2.68127736204917e-06
ConradGenotype	2	130682838	130684330	cg01594915	0.0111050586674258	0.00218907829269435	4.45632267749152e-06
ConradGenotype	2	130682838	130684330	cg17043155	0.0115020278676059	0.00296769944818232	0.000277156985589008
ConradGenotype	2	130682838	130684330	cg26454191	0.0069382466507629	0.00137500817034533	4.91270836147612e-06
ConradGenotype	2	130682838	130684330	cg04533291	0.0830957777875762	0.0175607614069635	1.50944418550321e-05
ConradGenotype	13	85571820	85574142	cg17921034	0.0245058923239437	0.00138681410145813	2.62275062324336e-26
ConradGenotype	14	21096353	21105839	cg14098132	0.0102061592752685	0.00158904280579095	6.14905123601043e-08
ConradGenotype	14	21096353	21105839	cg06726207	0.0284963300086213	0.020246067844452	0.165858837695172
ConradGenotype	13	23798029	23799959	cg26611683	0.0377397507490853	0.00599685777316844	4.19578862050219e-08
ConradGenotype	6	22160753	22161707	cg04623837	0.0469457915458543	0.0113341231001162	0.000104398839034415
ConradGenotype	15	30231548	30468651	cg07501965	0.0111736361624926	0.00157871107117267	1.7038728576659e-09
ConradGenotype	17	55934524	55936075	cg04745805	-0.0177294917214936	NaN	NaN
ConradGenotype	17	55934524	55936075	cg14732136	-0.0015177124548353	NaN	NaN
ConradGenotype	16	76929120	76942453	cg25957124	0.0171129354347826	0.00569820106137671	0.00382834975563504
ConradGenotype	9	97376343	97377188	cg09429153	0.0021052217854502	0.000689042335964386	0.00337314643459382
ConradGenotype	3	68714679	68722940	cg11116142	0.00897061560119048	0.000725268806245971	1.26588439619381e-18
ConradGenotype	11	1611015	1613217	cg07271264	0.128564090989338	NaN	NaN
ConradGenotype	6	152431681	152433972	cg18676237	0.00557743181808262	0.0014877443679325	0.000392516665851934
ConradGenotype	7	131044891	131047089	cg03700462	0.00376844483616771	0.000481315121600059	1.31993683397656e-10
ConradGenotype	11	75820021	75826175	cg23121547	0.00338277789583644	NaN	NaN
ConradGenotype	11	75820021	75826175	cg15498283	0.00535008375585776	NaN	NaN
ConradGenotype	11	75820021	75826175	cg03750407	0.00989688225279496	NaN	NaN
ConradGenotype	19	19693965	19700599	cg07115558	NaN	NaN	NaN
ConradGenotype	5	151229543	151233114	cg10731022	0.00573741662328388	NaN	NaN
ConradGenotype	5	151229543	151233114	cg27092035	0.00785151110028873	NaN	NaN
ConradGenotype	5	151229543	151233114	cg19184518	0.00576741528317913	NaN	NaN
ConradGenotype	5	151229543	151233114	cg10575841	0.00635902903014146	NaN	NaN
ConradGenotype	5	151229543	151233114	cg10038259	0.00606776716902489	NaN	NaN
ConradGenotype	5	151229543	151233114	cg01056155	0.00490436650076677	NaN	NaN
ConradGenotype	20	55020804	55021298	cg07334912	0.00560358289943756	0.00108260171471354	3.29756519538661e-06
ConradGenotype	7	82888354	82889107	cg23242017	0.0183875903496503	0.00101521785986965	1.15229732124615e-26
ConradGenotype	10	122759741	122777506	cg02840794	0.0104518295184336	0.000779666478977948	4.098098574645e-20
ConradGenotype	16	72256927	72258261	cg09669099	0.023402828028854	0.00124632758765553	1.68373616077302e-27
ConradGenotype	12	31795648	31803075	cg03240509	0.262061622351221	0.0181594275222098	1.72810508461621e-21
ConradGenotype	6	32537894	32540555	cg14479329	0.0268343170355743	0.0113150271757858	0.025103374448128
