Chr	cnvStart	cnvEnd	CpG	Gene	Distance	rValue	-log(NomimalPvalue)	-log(PermutationPvalueP100)	-log(PermutationPvalueP10)	Source	NominalPvalue
1	152472595	152473047	cg06237414	MTX1	972482	-0.384	2.3472	2.1330	2.9443	1000GPgenotype	0.004496075770364
8	144773467	144777025	cg22892110	MAPK15	95255	0.401	2.5341	2.4779	3.3173	1000GPgenotype	0.002923206814227
11	116173576	116178898	cg02831393	PAFAH1B2	344312	-0.366	2.1520	1.8822	2.7168	1000GPgenotype	0.007046718706530
5	172967897	172968846	cg23003881	FAM44B	7736	0.448	3.1101	2.7814	3.7982	1000GPgenotype	0.000776072002159
8	12277832	12280453	cg18123948	GATA4	681485	0.465	3.3481	2.7353	3.7580	1000GPgenotype	0.000448612969621
10	115499109	115499422	cg14826456	ADRB1	294824	-0.404	2.5664	2.3245	3.1619	1000GPgenotype	0.002713832005288
7	93730519	93730716	cg16872560	PPP1R9A	644723	0.400	2.5188	2.4202	3.3997	1000GPgenotype	0.003028415552438
6	111401904	111402210	cg04128563	AMD1	98875	-0.442	3.0306	2.5001	3.6370	1000GPgenotype	0.000931897995274
4	157522137	157522217	cg09688546	GLRB	694716	0.428	2.8600	2.4873	3.2674	1000GPgenotype	0.001380438771688
13	110030856	110031167	cg15270851	FLJ12118	125500	-0.407	2.6078	2.4701	3.1022	1000GPgenotype	0.002467405276013
8	144584722	144584824	cg24596472	TOP1MT	96657	-0.383	2.3336	2.3215	3.3102	1000GPgenotype	0.004638490349395
8	144584722	144584824	cg10913563	C8orf55	779176	0.407	2.6061	2.5532	3.8114	1000GPgenotype	0.002476669343625
17	64060387	64060716	cg16435601	FALZ	808430	0.444	3.0588	2.7301	3.6086	1000GPgenotype	0.000873296673690
17	34216976	34218433	cg10398950	CRKRS	654741	-0.446	3.0821	2.4680	3.4872	1000GPgenotype	0.000827726697926
17	34216976	34218433	cg13824734	PSMB3	55317	-0.414	2.6860	2.4968	3.5641	1000GPgenotype	0.002060566121057
17	17171100	17171975	cg02880176	LOC201164	121359	-0.415	2.6928	2.5026	3.5427	1000GPgenotype	0.002028849887238
2	37894416	37894471	cg24022829	EIF2AK2	656835	0.409	2.6321	2.5284	3.5684	1000GPgenotype	0.002333122206633
17	36772302	36774600	cg24505527	NKIRAS2	649275	-0.459	3.2663	2.9098	4.1268	1000GPgenotype	0.000541610979084
22	22699127	22705237	cg24330042	GSTT1	12090	-0.815	12.9700	2.9917	4.0141	1000GPgenotype	0.000000000000107
2	95914287	95914354	cg05443740	CSEN	587594	-0.469	3.4029	2.2403	3.1231	1000GPgenotype	0.000395461584801
4	165719953	165720068	cg00393585	FLJ31659	377690	-0.419	2.7505	2.7191	3.7087	1000GPgenotype	0.001776098226659
2	83964463	83964586	cg00396163	FLJ37357	632561	-0.424	2.8112	2.7282	3.7484	1000GPgenotype	0.001544537093699
14	20580351	20580407	cg20639263	NP	572821	0.426	2.8349	2.5072	3.5211	1000GPgenotype	0.001462597651011
4	6733295	6736762	cg09785172	WFS1	412449	0.396	2.4769	2.3650	3.3121	1000GPgenotype	0.003334957507124
16	5019300	5019350	cg21844038	FAM100A	413570	0.396	2.4815	2.3161	3.5868	1000GPgenotype	0.003299528986976
8	144776112	144780630	cg22892110	MAPK15	92130	0.401	2.5341	2.4779	3.3173	1000GPgenotype	0.002923206814227
9	92923184	92923505	cg02608019	SYK	319334	-0.451	3.1576	2.4783	3.2509	1000GPgenotype	0.000695737148938
3	185359510	185360097	cg00119079	LAMP3	995815	0.380	2.3058	1.9732	2.8500	1000GPgenotype	0.004945552003321
15	67401468	67402501	cg20015855	CORO2B	677345	-0.383	2.3277	2.1353	2.9267	1000GPgenotype	0.004702239894961
15	67401468	67402501	cg08342270	TLE3	774184	-0.383	2.3277	2.2884	3.2132	1000GPgenotype	0.004702239894961
2	176973888	176980286	cg18750960	HOXD4	251869	-0.442	3.0318	2.4347	3.1809	1000GPgenotype	0.000929407385134
10	51577967	51582025	cg14450605	NCOA4	337518	-0.539	4.5009	2.5189	3.3909	1000GPgenotype	0.000031557759661
2	44637092	44637412	cg03902905	SLC3A1	281438	-0.455	3.2020	2.5932	3.7702	1000GPgenotype	0.000628034896644
4	187330462	187336085	cg11595794	ANKRD37	778615	0.438	2.9852	2.8492	3.9636	1000GPgenotype	0.001034667706334
10	67911219	67911527	cg12236045	LRRTM3	444569	-0.404	2.5632	2.2083	2.9062	1000GPgenotype	0.002733912968049
2	54597716	54598093	cg16750914	KIAA1212	902472	-0.405	2.5815	2.4846	3.6095	1000GPgenotype	0.002621387846000
1	34877412	34879230	cg11835197	TFAP2E	933614	0.387	2.3768	2.3625	3.5413	1000GPgenotype	0.004199389920669
4	148140041	148140353	cg15810326	LOC90826	684528	-0.448	3.1084	2.1215	2.9825	1000GPgenotype	0.000779156953772
4	148140041	148140353	cg26484333	TMEM34	617941	-0.390	2.4098	2.0673	2.9945	1000GPgenotype	0.003892098129103
21	46434171	46435304	cg10296238	C21orf56	5266	0.550	4.7059	2.5410	3.5201	1000GPgenotype	0.000019681322241
13	94818226	94822462	cg17183991	HS6ST3	720767	0.385	2.3556	2.3467	3.2994	1000GPgenotype	0.004409596688541
5	77084102	77084437	cg23152667	TBCA	23471	0.376	2.2608	1.9790	3.1941	1000GPgenotype	0.005485378090842
2	233072791	233072983	cg19540408	MGC35154	908221	0.404	2.5665	2.5407	3.6342	1000GPgenotype	0.002713378491322
3	11757247	11759276	cg04632671	PPARG	546237	-0.427	2.8448	2.6260	3.4304	1000GPgenotype	0.001429398505234
1	34874009	34884563	cg11835197	TFAP2E	932649	0.387	2.3768	2.3625	3.5413	1000GPgenotype	0.004199389920669
1	151400331	151400587	cg09929564	ILF2	509441	0.397	2.4868	2.4533	3.5793	1000GPgenotype	0.003259840472563
17	61593973	61594030	cg02957086	AXIN2	606778	-0.393	2.4484	2.4347	3.4669	1000GPgenotype	0.003561457962489
19	13600101	13600227	cg17725461	RFX1	378139	-0.434	2.9376	2.7274	3.5500	1000GPgenotype	0.001154646192246
10	13298028	13298340	cg00766889	SEPHS1	132092	0.419	2.7469	2.5753	3.8748	1000GPgenotype	0.001790902160879
14	49070698	49070826	cg08625335	RPS29	52090	-0.448	3.1120	2.7158	3.8731	1000GPgenotype	0.000772716990843
10	125368932	125369004	cg02757432	GPR26	46997	0.430	2.8795	2.3829	3.0981	1000GPgenotype	0.001319649254234
5	135372493	135374199	cg17830308	NEUROG1	474139	-0.397	2.4893	2.2814	3.0589	1000GPgenotype	0.003241459894265
17	36675248	36685688	cg24505527	NKIRAS2	742258	-0.462	3.2969	2.9098	4.1268	1000GPgenotype	0.000504743514268
6	77154212	77158385	cg06062132	SENP6	787630	0.404	2.5686	2.3655	3.1429	1000GPgenotype	0.002699971944269
17	26683718	26684067	cg08635242	CPD	953709	-0.426	2.8374	2.7212	3.8029	1000GPgenotype	0.001454007218140
1	110028467	110029625	cg17901463	GSTM1	2904	-0.760	10.3907	2.7207	3.6561	1000GPgenotype	0.000000000040671
10	74847596	74847928	cg16108132	ANXA7	3984	-0.417	2.7185	2.5639	3.9387	1000GPgenotype	0.001912201739326
22	22681567	22698025	cg24330042	GSTT1	24476	-0.815	12.9700	2.9917	4.0141	1000GPgenotype	0.000000000000107
19	6938463	6938792	cg10670077	INSR	306646	-0.471	3.4264	2.7571	3.7352	1000GPgenotype	0.000374625172173
3	182444583	182444910	cg27437944	FXR1	331468	-0.439	2.9983	2.6390	3.5480	1000GPgenotype	0.001003964609912
19	20041433	20041748	cg07919162	SF4	749055	-0.463	3.3136	2.5660	3.4799	1000GPgenotype	0.000485691339395
6	77154213	77159361	cg06062132	SENP6	788119	0.404	2.5686	2.3655	3.1429	1000GPgenotype	0.002699971944269
22	48264438	48264617	cg18205517	PP2447	701823	0.405	2.5815	2.5576	3.4124	1000GPgenotype	0.002621387846000
18	57434843	57435078	cg07980518	RNF152	277229	0.445	3.0751	2.2317	2.9267	1000GPgenotype	0.000841179705338
1	70921387	70921635	cg15201877	PTGER3	363787	-0.442	3.0370	2.5622	3.5635	1000GPgenotype	0.000918242638506
5	95992292	95993117	cg24274600	RHOBTB3	899727	0.400	2.5230	2.2494	3.4303	1000GPgenotype	0.002999122104176
9	35970788	35971992	cg04065065	PIGO	885144	-0.404	2.5735	2.3380	3.2612	1000GPgenotype	0.002670072793874
7	98869581	98869637	cg12799895	NPTX2	784837	-0.427	2.8406	2.3637	3.3989	1000GPgenotype	0.001443496164025
17	8187337	8188693	cg01249910	SAT2	716356	0.430	2.8770	2.6693	3.6044	1000GPgenotype	0.001327478425667
1	146442912	146462585	cg24797967	FLJ39739	54413	0.441	3.0205	2.5769	3.6046	1000GPgenotype	0.000953929094551
9	140099612	140101330	cg23897067	NDOR1	880739	-0.417	2.7212	2.6819	3.6965	1000GPgenotype	0.001900296958932
4	186392535	186392845	cg27583030	SLC25A4	91204	-0.506	3.9606	2.7804	3.7073	1000GPgenotype	0.000109487660274
5	70889238	70889304	cg18359921	MCCC2	29633	-0.387	2.3820	2.3281	3.4830	1000GPgenotype	0.004149747010486
15	36054877	36055613	cg06952236	RASGRP1	589091	0.404	2.5712	2.5138	3.5413	1000GPgenotype	0.002684062191292
15	90475578	90478074	cg07766315	LOC400451	522989	0.405	2.5787	2.3954	3.1619	1000GPgenotype	0.002638248158185
17	13472409	13473418	cg13706352	COX10	440482	-0.387	2.3745	2.3006	3.4140	1000GPgenotype	0.004222285049495
6	30315788	30316206	cg24000189	FLOT1	503456	0.470	3.4180	3.1157	4.2578	1000GPgenotype	0.000381980139314
6	30315788	30316206	cg24703717	HLA-F	516392	0.492	3.7445	2.9732	3.8504	1000GPgenotype	0.000180109657785
19	11155805	11157520	cg15334028	DNM2	466736	-0.372	2.2110	1.9889	2.9267	1000GPgenotype	0.006152164397870
10	92805364	92805684	cg17001035	PCGF5	164987	0.418	2.7310	2.6505	3.7217	1000GPgenotype	0.001857795820443
1	110037664	110044037	cg17901463	GSTM1	8900	-0.818	13.1029	2.7207	3.6561	1000GPgenotype	0.000000000000079
10	88972728	89104990	cg04738091	PTEN	573821	0.363	2.1215	2.0673	2.9426	1000GPgenotype	0.007559813143246
12	109101014	109102205	cg21950493	ATPBD1C	289513	0.481	3.5674	1.9595	2.9059	1000GPgenotype	0.000270749306960
22	35477032	35477737	cg13951472	CDC42EP1	809447	0.419	2.7498	2.6353	3.8265	1000GPgenotype	0.001778953845320
17	5536429	5538222	cg08341874	VMO1	901594	-0.429	2.8669	2.5327	3.6731	1000GPgenotype	0.001358513829964
17	76309191	76312945	cg26717786	FLJ44861	443512	-0.435	2.9461	2.7640	3.7565	1000GPgenotype	0.001132065494471
12	93768156	93768578	cg19824362	NR2C1	222823	-0.419	2.7437	2.6042	3.8343	1000GPgenotype	0.001804251467980
1	27160255	27160649	cg12112929	GPR3	431190	-0.436	2.9606	2.5321	3.5224	1000GPgenotype	0.001094854496408
20	54450469	54452021	cg25993718	CBLN4	438169	0.412	2.6586	2.5731	3.6182	1000GPgenotype	0.002194708595015
16	87425157	87425732	cg16444968	CPNE7	744266	-0.414	2.6855	2.5394	3.6022	1000GPgenotype	0.002063151962097
10	91988516	91992007	cg20571908	MPHOSPH1	539025	0.419	2.7420	2.2969	3.2568	1000GPgenotype	0.001811494354334
15	49684994	49685332	cg08986416	DMXL2	16917	-0.538	4.4902	2.4942	3.5357	1000GPgenotype	0.000032345171731
2	152506803	152507435	cg08475827	RIF1	532316	0.449	3.1228	2.9231	3.9247	1000GPgenotype	0.000753764721907
18	69595188	69595522	cg03954150	FBXO15	370752	-0.417	2.7173	2.0027	2.8860	1000GPgenotype	0.001917216468232
7	39563899	39564163	cg08724636	RALA	65683	0.433	2.9213	2.6669	3.5138	1000GPgenotype	0.001198796972881
5	141288563	141288790	cg11064797	C5orf16	291637	-0.392	2.4347	2.2814	2.9798	1000GPgenotype	0.003674992075609
10	70668117	70668440	cg21948169	CXXC6	677303	-0.431	2.9000	2.7439	3.7706	1000GPgenotype	0.001258947808930
2	74364785	74365114	cg21954994	POLE4	674426	0.376	2.2596	2.2491	3.0503	1000GPgenotype	0.005499992872776
14	99493641	99493712	cg09873258	DLK1	769053	-0.423	2.8002	2.3121	3.3211	1000GPgenotype	0.001584070322660
14	99493641	99493712	cg16567044	MEG3	868515	0.394	2.4596	2.3166	3.2275	1000GPgenotype	0.003470624893104
2	53752337	53752534	cg16192916	PSME4	298927	0.469	3.3960	2.8117	3.7408	1000GPgenotype	0.000401767097158
16	66071307	66071624	cg02225847	FAM65A	49015	-0.487	3.6682	2.7139	3.6533	1000GPgenotype	0.000214679706881
14	35741860	35745144	cg11847459	MBIP	115916	-0.350	1.9936	1.9480	2.6497	1000GPgenotype	0.010148458248816
12	3535218	3535312	cg14759043	MGC4266	197296	0.419	2.7527	2.7406	3.6570	1000GPgenotype	0.001767403511623
10	128911030	128911109	cg13488201	ADAM12	844476	-0.410	2.6369	2.6274	3.3822	1000GPgenotype	0.002307282687881
1	40794202	40801171	cg22827640	HPCAL4	867956	-0.415	2.7021	2.4895	3.5424	1000GPgenotype	0.001985704627409
17	41806512	41819630	cg02301815	KIAA1267	207812	-0.311	1.6279	1.5722	1.8020	1000GPgenotype	0.023554960616851
4	2988022	2988189	cg16474684	RNF4	547548	-0.440	3.0083	2.5690	3.5135	1000GPgenotype	0.000981121627150
18	73395986	73397147	cg12555907	MBP	423341	-0.474	3.4793	2.4738	3.4422	1000GPgenotype	0.000331670939473
18	73395986	73397147	cg15059932	ZNF236	733030	-0.397	2.4925	2.4650	3.2644	1000GPgenotype	0.003217498355817
9	33203071	33203929	cg21511069	UBAP2	835509	0.454	3.1947	2.3352	3.4837	1000GPgenotype	0.000638738672965
8	144771628	144785835	cg22892110	MAPK15	91770	0.401	2.5341	2.4779	3.3173	1000GPgenotype	0.002923206814227
19	38264621	38264884	cg01580888	RHPN2	16537	0.435	2.9461	2.4391	3.2132	1000GPgenotype	0.001132065494471
2	219640023	219640306	cg14831838	CDK5R2	106869	0.396	2.4796	2.4089	3.5941	1000GPgenotype	0.003314050578908
2	219640023	219640306	cg21785260	C2orf24	109741	0.448	3.1131	2.4796	3.5437	1000GPgenotype	0.000770753341355
2	220754325	220754447	cg09197965	TUBA1	927637	-0.435	2.9446	2.5985	3.6717	1000GPgenotype	0.001136071223368
18	3308056	3308128	cg18110535	LPIN2	305091	0.459	3.2680	2.8416	3.8138	1000GPgenotype	0.000539552510114
1	64740868	64740965	cg09082287	DNAJC6	762132	0.491	3.7246	2.9919	4.1034	1000GPgenotype	0.000188558845804
10	23055568	23056760	cg06908778	SPAG6	381668	0.379	2.2860	2.1827	3.1179	1000GPgenotype	0.005175671817540
20	34034454	34034566	cg03424436	CEP250	527623	-0.404	2.5731	2.5311	3.4669	1000GPgenotype	0.002672233021469
2	192270434	192270768	cg09666654	MYO1B	451909	0.481	3.5814	2.5815	3.5087	1000GPgenotype	0.000262161670922
8	99534317	99534644	cg10039928	MATN2	583872	0.463	3.3204	2.5316	3.6957	1000GPgenotype	0.000478239571298
17	63739152	63739372	cg27043427	PSMD12	946210	0.468	3.3893	2.5490	3.4786	1000GPgenotype	0.000408007536816
4	55177177	55177497	cg11465971	GSH2	515647	0.424	2.8099	2.5407	3.3785	1000GPgenotype	0.001549103250696
3	9229174	9229267	cg24596576	FANCD2	813868	0.423	2.7972	2.6260	3.6451	1000GPgenotype	0.001595250995048
2	6215745	6226169	cg13051968	RNF144	754613	-0.404	2.5632	2.4909	3.2948	1000GPgenotype	0.002733912968049
12	49259984	49261783	cg16619240	LIMA1	297275	0.368	2.1729	2.1215	2.7905	1000GPgenotype	0.006715483758120
12	49259984	49261783	cg12787624	LIMA1	297275	0.412	2.6586	2.0981	2.8808	1000GPgenotype	0.002194708595015
10	18543082	18543595	cg05018361	NSUN6	437198	0.386	2.3621	2.3090	3.4281	1000GPgenotype	0.004343614016061
12	2933922	2934160	cg16405575	TSPAN9	122494	0.510	4.0189	2.6587	3.3754	1000GPgenotype	0.000095737733784
16	65293379	65296435	cg13813391	CMTM2	124196	0.532	4.3864	2.6727	3.6932	1000GPgenotype	0.000041075803874
16	65811167	65811482	cg13500388	CBFB	191818	-0.427	2.8470	2.5994	3.7496	1000GPgenotype	0.001422358526261
16	65811167	65811482	cg12441964	FLJ35894	418299	0.440	3.0127	2.6818	3.6115	1000GPgenotype	0.000971191914474
1	94060856	94064435	cg16833230	DNTTIP2	54227	-0.402	2.5407	2.2429	3.0550	1000GPgenotype	0.002879425340022
5	35226892	35227228	cg11154798	RAI14	534590	0.408	2.6141	2.4784	3.4536	1000GPgenotype	0.002431589968160
17	74572494	74574433	cg24844534	C1QTNF1	41414	-0.435	2.9436	2.4913	3.6347	1000GPgenotype	0.001138661745088
22	22726367	22727225	cg24330042	GSTT1	12524	-0.749	9.9570	2.9917	4.0141	1000GPgenotype	0.000000000110414
17	36675467	36681025	cg24505527	NKIRAS2	744480	-0.462	3.2969	2.9098	4.1268	1000GPgenotype	0.000504743514268
13	45804889	45805037	cg08608800	KIAA0853	280259	0.467	3.3675	2.5999	3.4039	1000GPgenotype	0.000429081211628
22	22676367	22680525	cg24330042	GSTT1	35826	-0.815	12.9700	2.9917	4.0141	1000GPgenotype	0.000000000000107
16	18740026	18745877	cg21024145	RPS15A	33651	-0.396	2.4764	2.4698	3.3136	1000GPgenotype	0.003338594859449
5	176427650	176428879	cg07035740	SNCB	438372	-0.443	3.0464	2.4524	3.4071	1000GPgenotype	0.000898626002156
14	73074412	73076930	cg00815605	ACOT2	30770	0.430	2.8866	2.5523	3.6909	1000GPgenotype	0.001298290040347
2	177995884	177996307	cg02961200	DKFZp451M2119	30291	-0.568	5.0475	2.6199	3.4120	1000GPgenotype	0.000008964135847
17	55934631	55936055	cg14623313	APPBP2	22728	-0.568	5.0294	2.5632	3.6404	1000GPgenotype	0.000009345068161
2	28253811	28253874	cg24189717	SNX17	806891	-0.424	2.8051	2.4408	3.4938	1000GPgenotype	0.001566339743543
7	2633455	2633799	cg24743283	GNA12	216708	0.410	2.6390	2.5679	3.5941	1000GPgenotype	0.002296266936219
19	56468220	56468531	cg05242523	KLK14	187897	0.474	3.4757	2.8608	3.8424	1000GPgenotype	0.000334403484927
7	29443443	29443752	cg11185569	CHN2	242799	-0.510	4.0199	2.5296	3.4327	1000GPgenotype	0.000095523647671
16	2949982	2950348	cg19703826	ZNF213	174702	0.386	2.3675	2.1215	3.1156	1000GPgenotype	0.004290662600123
3	187512304	187512639	cg00717862	DNAJB11	258561	-0.414	2.6878	2.5169	3.5484	1000GPgenotype	0.002052147353287
2	95949009	95950884	cg01906055	BRRN1	415186	-0.398	2.5005	2.3946	3.3930	1000GPgenotype	0.003158300345173
6	28298175	28298511	cg08307580	ZNF193	2786	-0.396	2.4764	2.2747	3.3211	1000GPgenotype	0.003338787477871
17	36681367	36685525	cg24505527	NKIRAS2	739280	-0.462	3.2969	2.9098	4.1268	1000GPgenotype	0.000504743514268
22	22674027	22676887	cg24330042	GSTT1	38815	-0.812	12.7687	2.9917	4.0141	1000GPgenotype	0.000000000000170
3	150751162	150752836	cg24078828	WWTR1	106157	-0.417	2.7244	2.5385	3.4044	1000GPgenotype	0.001886114279731
6	36178098	36178171	cg08027745	SFRS3	491756	0.448	3.1167	2.5521	3.6283	1000GPgenotype	0.000764312333773
8	144777467	144779025	cg22892110	MAPK15	92255	0.401	2.5341	2.4779	3.3173	1000GPgenotype	0.002923206814227
2	152581752	152582186	cg08475827	RIF1	607166	0.457	3.2345	2.9231	3.9247	1000GPgenotype	0.000582824097797
10	72926588	72926707	cg05871136	UNC5B	283689	-0.438	2.9776	2.3829	3.4912	1000GPgenotype	0.001052842835388
20	32705522	32707962	cg15056412	APBA2BP	980623	0.468	3.3846	2.8191	3.8892	1000GPgenotype	0.000412461132489
5	127200230	127201179	cg26465611	MEGF10	546467	-0.446	3.0880	2.8418	3.6243	1000GPgenotype	0.000816543390171
3	128813208	128813533	cg03330058	ABTB1	60997	-0.400	2.5278	2.4880	3.5168	1000GPgenotype	0.002966147310393
16	16841865	16847915	cg15488251	MYH11	986330	-0.390	2.4146	2.2774	3.4217	1000GPgenotype	0.003849842270906
1	9518200	9520253	cg22601917	H6PD	301750	0.447	3.1005	2.5381	3.4998	1000GPgenotype	0.000793493705519
1	21659006	21659277	cg07180649	WNT4	682951	-0.408	2.6201	2.3498	3.5021	1000GPgenotype	0.002398111293227
17	38406928	38407781	cg27088844	EZH1	256982	-0.459	3.2557	2.5407	3.2796	1000GPgenotype	0.000554949572784
8	144783467	144785525	cg22892110	MAPK15	86005	0.401	2.5341	2.4779	3.3173	1000GPgenotype	0.002923206814227
6	31384612	31386630	cg04513728	PPP1R10	692237	0.493	3.7487	3.1728	4.0338	1000GPgenotype	0.000178344334240
16	80721699	80721976	cg01880569	CDH13	496729	0.441	3.0205	2.7128	3.6999	1000GPgenotype	0.000953801607717
11	61806951	61807095	cg12640109	ASRGL1	54591	-0.483	3.5985	2.4828	3.6115	1000GPgenotype	0.000252079808055
3	73145768	73146244	cg20540428	PPP4R2	17370	0.578	5.2387	2.5327	3.4460	1000GPgenotype	0.000005772281175
9	139342340	139344586	cg02189785	CLIC3	332570	-0.441	3.0178	2.8023	4.0291	1000GPgenotype	0.000959753343341
5	36393132	36393322	cg14711201	SKP2	205674	0.435	2.9501	2.6856	3.7892	1000GPgenotype	0.001121634975491
9	36352882	36354079	cg24070292	TPM2	673018	0.560	4.8931	2.6743	3.5466	1000GPgenotype	0.000012790665806
17	76742917	76743255	cg07423906	C17orf56	84213	-0.437	2.9750	2.7189	3.8896	1000GPgenotype	0.001059335505591
7	13244637	13247239	cg09259772	ARL4	552710	-0.444	3.0666	2.6876	3.7067	1000GPgenotype	0.000857745290227
1	21884914	21884999	cg12274479	HSPG2	251649	0.421	2.7760	2.4113	3.4359	1000GPgenotype	0.001674908924718
17	32217537	32217855	cg16544272	PIGW	252497	0.433	2.9207	2.8301	4.0522	1000GPgenotype	0.001200280951063
17	32217537	32217855	cg02102644	AP1GBP1	825808	0.527	4.3011	2.6564	3.9566	1000GPgenotype	0.000049991062152
10	48210395	48214359	cg02222362	PTPN20B	235452	-0.374	2.2333	1.9570	2.9583	1000GPgenotype	0.005843267794372
10	48210395	48214359	cg16192575	PTPN20B	235452	-0.401	2.5337	1.9570	2.9088	1000GPgenotype	0.002926121253592
1	24275573	24275889	cg18231267	RUNX3	825706	-0.446	3.0875	3.0476	4.0565	1000GPgenotype	0.000817429068811
19	2860348	2861542	cg08634464	LOC126295	9271	-0.492	3.7361	2.4417	3.7117	1000GPgenotype	0.000183599632724
22	37838812	37839012	cg01346718	CSNK1E	795704	-0.393	2.4453	2.3895	3.1619	1000GPgenotype	0.003586464237777
14	101459896	101460017	cg14693893	DYNC1H1	40997	0.413	2.6782	2.3253	3.4823	1000GPgenotype	0.002098122913830
21	43794793	43797728	cg15536230	H2BFS	13458	0.426	2.8384	2.4708	3.3513	1000GPgenotype	0.001450678552486
21	43794793	43797728	cg02507175	PKNOX1	528186	-0.387	2.3756	2.2814	3.1336	1000GPgenotype	0.004210722206105
2	172712495	172715726	cg11626791	TLK1	988858	-0.465	3.3464	2.5747	3.5503	1000GPgenotype	0.000450381961976
2	28515170	28515222	cg20369763	FNDC4	943678	0.560	4.8895	2.6336	3.6724	1000GPgenotype	0.000012897274304
17	18731864	18732888	cg12324629	ULK2	978947	0.429	2.8716	2.7168	3.4811	1000GPgenotype	0.001343978842385
7	111715170	111715248	cg05608188	FLJ13576	502332	-0.362	2.1091	2.0667	2.9524	1000GPgenotype	0.007778593434966
1	229386515	229388618	cg00679738	FAM89A	144900	-0.412	2.6586	2.5809	3.6790	1000GPgenotype	0.002194708595015
2	237020254	237020949	cg23095584	GBX2	278607	0.383	2.3318	2.1344	2.8191	1000GPgenotype	0.004658443153778
3	58296329	58296398	cg25240333	RPP14	28934	0.414	2.6821	2.6200	3.6380	1000GPgenotype	0.002079121137323
12	110780865	110781546	cg24530795	FAM109A	489968	0.490	3.7043	2.0160	2.9707	1000GPgenotype	0.000197574400920
12	110780865	110781546	cg17190608	CUTL2	824240	0.404	2.5738	2.2726	3.0946	1000GPgenotype	0.002667891939266
1	29177033	29178830	cg19112780	PTPRU	258565	0.382	2.3189	2.1827	2.8164	1000GPgenotype	0.004798984321903
3	121376674	121377133	cg14399078	ADPRH	595675	0.425	2.8205	2.4888	3.7228	1000GPgenotype	0.001511773950275
17	38587412	38589076	cg08792314	COASY	620071	-0.422	2.7829	2.5948	3.4476	1000GPgenotype	0.001648582113120
17	38587412	38589076	cg10809441	DHX8	328822	-0.447	3.1050	2.5646	3.5259	1000GPgenotype	0.000785209344225
17	38587412	38589076	cg27088844	EZH1	437872	-0.418	2.7316	2.5407	3.2796	1000GPgenotype	0.001855392769697
17	38587412	38589076	cg06975499	EZH1	437872	-0.414	2.6809	2.6078	3.4987	1000GPgenotype	0.002085014173783
7	50075317	50076620	cg00333226	UNQ739	291062	0.420	2.7640	2.4223	3.2301	1000GPgenotype	0.001721885158281
19	18794800	18794869	cg15085805	LSM4	499913	-0.420	2.7618	2.5948	3.5641	1000GPgenotype	0.001730541220906
19	2625195	2625282	cg19636861	ZNF556	193611	0.419	2.7460	2.4744	3.4315	1000GPgenotype	0.001794609283898
22	41428595	41428962	cg08954856	BIK	408055	0.481	3.5699	2.3901	3.1589	1000GPgenotype	0.000269216182101
10	91990412	91992530	cg20571908	MPHOSPH1	540235	0.419	2.7420	2.2969	3.2568	1000GPgenotype	0.001811494354334
10	91988512	91989530	cg20571908	MPHOSPH1	537785	0.393	2.4420	2.2969	3.2568	1000GPgenotype	0.003614475419711
17	54718715	54720484	cg19141563	PPM1E	530966	0.352	2.0141	1.8096	2.2325	1000GPgenotype	0.009681248878029
11	3280127	3282487	cg04720330	PHLDA2	373987	0.422	2.7891	2.6128	3.4567	1000GPgenotype	0.001625256273915
11	481643	481866	cg24194132	B4GALNT4	122099	-0.423	2.7905	2.3675	3.1642	1000GPgenotype	0.001620083428224
1	30813232	30814246	cg03484533	FABP3	805232	-0.395	2.4674	2.2141	3.1131	1000GPgenotype	0.003408819716797
9	140095736	140101839	cg23897067	NDOR1	879055	-0.417	2.7212	2.6819	3.6965	1000GPgenotype	0.001900296958932
7	16138299	16140597	cg12567315	TSPAN13	620743	0.376	2.2536	2.0968	2.9949	1000GPgenotype	0.005576899173273
19	737551	737695	cg18194038	CIRBP	482581	0.501	3.8706	2.3327	3.7111	1000GPgenotype	0.000134700709406
19	737551	737695	cg20147100	C19orf6	234834	0.450	3.1358	2.3260	3.1712	1000GPgenotype	0.000731407843270
21	35182966	35184675	cg18074297	CLIC6	219645	-0.341	2.6155	2.1273	2.8865	ConradGenotype	0.002423699559642
20	56593980	56595020	cg25983380	GNAS	304450	0.287	1.9453	1.9351	2.6851	ConradGenotype	0.011341394008533
2	29495174	29498745	cg04786857	SPDY1	609567	0.306	2.1650	2.1029	2.8099	ConradGenotype	0.006838580554765
9	126987492	126990100	cg03283569	RABEPK	13399	0.325	2.4059	1.8761	2.5371	ConradGenotype	0.003927676801960
2	132896466	132897365	cg07785936	GPR39	6434	0.391	3.3530	2.5203	3.5103	ConradGenotype	0.000443622101226
11	68600310	68601480	cg13608094	CCND1	569460	0.268	1.7359	1.6584	1.8154	ConradGenotype	0.018369698368138
6	31395810	31397416	cg10409680	HLA-C	49182	-0.649	9.7599	2.9631	3.8202	ConradGenotype	0.000000000173819
1	180626201	180628113	cg08596642	DHX9	448115	0.281	1.8804	1.8136	2.2360	ConradGenotype	0.013170482712440
3	46769428	46826524	cg13994175	KIF9	501198	-0.351	2.7613	2.2824	3.1796	ConradGenotype	0.001732691213271
17	71873457	71876602	cg24164563	FOXJ1	226580	-0.351	2.7633	2.6809	3.5874	ConradGenotype	0.001724821988053
5	34692036	34692596	cg13880228	PRLR	573608	0.264	1.6969	1.5829	1.7754	ConradGenotype	0.020095095808322
2	54366555	54371160	cg01615080	ACYP2	172469	-0.405	3.5919	2.5942	3.4961	ConradGenotype	0.000255896806900
2	54366555	54371160	cg15587603	RPS27A	944688	-0.378	3.1492	2.3741	3.2807	ConradGenotype	0.000709171283324
19	51648870	51654964	cg02218324	RSHL1	641244	-0.344	2.6575	2.5487	3.3218	ConradGenotype	0.002200517883037
2	131938233	131941074	cg16169604	GPR148	737878	0.374	3.1000	2.6399	3.6644	ConradGenotype	0.000794365125547
10	114102095	114106660	cg18304674	ZDHHC6	92614	0.360	2.8879	2.0044	3.0235	ConradGenotype	0.001294347507158
17	13472216	13473377	cg13706352	COX10	440599	-0.363	2.9250	1.9998	3.0006	ConradGenotype	0.001188404582319
3	140486519	140488054	cg21075829	FAM62C	850925	0.284	1.9138	1.8548	2.4943	ConradGenotype	0.012196339788877
19	41532106	41538865	cg20580177	LRFN3	416213	-0.399	3.4909	2.0376	2.9011	ConradGenotype	0.000322909558275
4	101818670	101820508	cg11010122	DNAJB14	732726	0.319	2.3263	2.0397	2.7696	ConradGenotype	0.004717906647794
6	133787627	133789056	cg21296676	EYA4	183768	-0.320	2.3466	2.3303	3.3988	ConradGenotype	0.004501639076416
22	35473303	35476957	cg13797282	CARD10	770170	-0.398	3.4752	2.3047	3.4304	ConradGenotype	0.000334789070147
19	59424694	59435445	cg24794758	LENG1	74733	0.390	3.3399	3.0439	3.8719	ConradGenotype	0.000457230758559
5	55465067	55466202	cg20354892	MGC33648	775750	0.340	2.6000	2.0827	2.8014	ConradGenotype	0.002511631417666
2	240855167	240859417	cg12804976	NDUFA10	243645	-0.334	2.5252	2.1605	2.8369	ConradGenotype	0.002984172832379
15	82606345	82625912	cg19517291	NMB	386335	-0.395	3.4253	2.6583	3.6037	ConradGenotype	0.000375566231121
15	82606345	82625912	cg18393722	FLJ43276	298742	0.676	10.7972	2.6985	3.6136	ConradGenotype	0.000000000015950
15	82606345	82625912	cg13150977	FLJ43276	298742	0.769	15.5124	2.6719	3.7338	ConradGenotype	0.000000000000000
6	26878702	26883319	cg08260959	HIST1H4F	532183	-0.361	2.9070	2.2954	3.3878	ConradGenotype	0.001238773083381
7	102135311	102152748	cg23980887	POLR2J	237875	-0.321	2.3531	2.1188	3.0459	ConradGenotype	0.004435389691636
5	162794318	162795892	cg24206256	MAT2B	67751	-0.317	2.3045	2.1188	2.8235	ConradGenotype	0.004960052525732
10	132207254	132210968	cg27056559	MGMT	970474	0.338	2.5763	1.9772	2.6655	ConradGenotype	0.002653070130433
21	46434207	46435262	cg10296238	C21orf56	5263	0.509	5.6504	2.7076	3.7909	ConradGenotype	0.000002236600258
7	4039859	4049085	cg26937500	CARD11	994507	0.343	2.6518	2.3261	3.1507	ConradGenotype	0.002229472594045
1	153447113	153487867	cg11503744	RUSC1	92850	-0.317	2.2997	2.2404	3.3896	ConradGenotype	0.005015148308188
1	153447113	153487867	cg14550101	HCN3	46525	0.322	2.3693	2.2804	3.3540	ConradGenotype	0.004272880447160
17	42497848	42508795	cg05467167	GOSR2	147782	0.268	1.7359	1.5829	1.7754	ConradGenotype	0.018369698368138
2	172541083	172549062	cg10446968	SLC25A12	86029	-0.345	2.6737	2.4583	3.3246	ConradGenotype	0.002119955845757
18	31013744	31021792	cg03776551	ZNF396	193326	0.261	1.6584	1.5459	1.8154	ConradGenotype	0.021957218461343
9	67147030	67191484	cg22543128	MGC42630	206454	0.301	2.1131	1.9298	3.1953	ConradGenotype	0.007707622022321
4	15236048	15236685	cg19128498	FBXL5	29788	0.621	8.7636	2.2570	3.1138	ConradGenotype	0.000000001723567
19	55137612	55138851	cg15951107	BAX	988265	0.366	2.9759	2.2451	3.1430	ConradGenotype	0.001057009824468
5	40004712	40007532	cg02588309	OSRF	785604	-0.287	1.9422	1.7421	2.2291	ConradGenotype	0.011422559721869
8	55371651	55373817	cg11050527	ATP6V1H	454528	-0.320	2.3419	2.1188	3.1897	ConradGenotype	0.004550790553729
16	162083	167514	cg15001381	AXIN1	177855	-0.550	6.6633	2.3834	3.3374	ConradGenotype	0.000000217137711
6	19149248	19157489	cg00468146	ID4	792822	-0.318	2.3198	2.2427	3.0212	ConradGenotype	0.004788917459163
8	74508608	74511335	cg26464596	RDH10	140262	0.335	2.5381	1.9225	2.7607	ConradGenotype	0.002896632868127
17	34701689	34702240	cg10394385	ERBB2	395851	0.328	2.4449	2.0502	3.1358	ConradGenotype	0.003590241076812
17	34701689	34702240	cg12477119	CRKRS	168987	0.294	2.0190	2.0044	2.9542	ConradGenotype	0.009571115577985
17	34701689	34702240	cg11634198	NEUROD2	315764	-0.301	2.1091	2.0054	3.1337	ConradGenotype	0.007779333782891
17	3565219	3566272	cg15843823	ALOX15	925058	0.349	2.7325	2.3385	3.4025	ConradGenotype	0.001851316314606
17	3565219	3566272	cg09872233	ALOX15	925058	0.320	2.3447	2.2644	3.0866	ConradGenotype	0.004521555356902
12	102363204	102371092	cg21081852	TXNRD1	837904	0.286	1.9375	1.8709	2.6796	ConradGenotype	0.011547651669302
3	147867879	147873031	cg25250358	PLOD2	508925	0.346	2.6935	2.6066	3.4366	ConradGenotype	0.002025170677048
17	17172009	17176308	cg23159296	SREBF1	506552	-0.327	2.4290	2.3471	3.2296	ConradGenotype	0.003724150798181
17	17172009	17176308	cg22309826	COPS3	49338	-0.345	2.6731	2.3200	3.3879	ConradGenotype	0.002122861140472
3	197258567	197259125	cg22956956	TFRC	34311	0.317	2.3023	1.7817	2.1971	ConradGenotype	0.004985066920208
4	154452012	154454140	cg14320796	GAJ	32308	-0.324	2.3911	1.9138	2.6362	ConradGenotype	0.004063395219887
15	40190994	40196399	cg27472032	VPS39	93986	-0.326	2.4252	2.0042	2.4596	ConradGenotype	0.003756465907700
16	923425	944273	cg24399405	C16orf35	805221	-0.343	2.6428	2.4201	3.3426	ConradGenotype	0.002275957579104
14	60218431	60224768	cg27398547	C14orf39	199398	-0.327	2.4367	2.1248	3.0212	ConradGenotype	0.003658790784855
3	147910164	147910947	cg25250358	PLOD2	549025	0.351	2.7567	2.6066	3.4366	ConradGenotype	0.001751176631913
13	48431530	48434856	cg02632166	ITM2B	727714	0.332	2.4947	2.3249	3.4917	ConradGenotype	0.003201018886292
13	48431530	48434856	cg03085377	RB1	641938	-0.361	2.9045	2.3128	3.4839	ConradGenotype	0.001245819063354
6	79024187	79093007	cg22058458	HMGN3	942118	-0.339	2.5910	2.3084	3.1450	ConradGenotype	0.002564374346209
9	35970780	35972060	cg04065065	PIGO	885174	-0.323	2.3828	2.3718	3.6202	ConradGenotype	0.004141615387515
1	9518760	9520515	cg22601917	H6PD	302161	0.383	3.2362	2.3100	3.3312	ConradGenotype	0.000580493001587
22	31257932	31258517	cg09547224	SLC5A1	488931	-0.296	2.0444	1.9830	3.0749	ConradGenotype	0.009027835354185
22	31257932	31258517	cg03962522	SLC5A1	488931	-0.366	2.9789	1.9668	2.8343	ConradGenotype	0.001049742859258
18	73395994	73397090	cg12555907	MBP	423317	-0.307	2.1835	2.0132	3.1072	ConradGenotype	0.006554049561870
1	24768383	24773731	cg18888403	HMGCL	745483	-0.333	2.5066	2.4875	3.5191	ConradGenotype	0.003114729830452
12	47962269	47976666	cg05795313	ZNF641	938458	0.261	1.6584	1.5829	1.7754	ConradGenotype	0.021957218461343
3	169911677	169915428	cg19848683	EVI1	433408	0.257	1.6204	1.5459	1.7754	ConradGenotype	0.023964460854581
14	36839404	36840949	cg24384676	SLC25A21	128881	0.399	3.4820	2.2710	3.3550	ConradGenotype	0.000329637039204
12	48383566	48384465	cg14217534	K-ALPHA-1	572949	0.265	1.6977	1.6584	1.8154	ConradGenotype	0.020059742832309
1	34874894	34884557	cg05382123	CSMD2	474586	-0.296	2.0524	2.0328	3.0304	ConradGenotype	0.008863674521174
1	34874894	34884557	cg11835197	TFAP2E	932210	0.323	2.3768	2.0211	3.2501	ConradGenotype	0.004199104825514
10	62097314	62098437	cg16063112	C10orf107	994923	-0.370	3.0351	1.9886	2.9284	ConradGenotype	0.000922407580926
1	46016872	46023933	cg04036898	POMGNT1	416939	-0.257	1.6204	1.5459	1.7754	ConradGenotype	0.023964460854581
19	61405191	61414764	cg16954928	LOC147808	582142	0.360	2.8862	2.5908	3.5399	ConradGenotype	0.001299697347943
5	180307216	180365215	cg13927251	FLT4	327110	-0.342	2.6274	2.5478	3.3853	ConradGenotype	0.002358037578432
4	83855493	83860265	cg10972353	SCD5	80511	0.285	1.9160	1.8365	2.6902	ConradGenotype	0.012134616711355
16	23668555	23669665	cg17234150	CACNG3	505671	-0.327	2.4368	2.3511	3.4081	ConradGenotype	0.003657309834767
14	74854409	74855709	cg04371779	C14orf118	833000	0.383	3.2342	2.0410	3.0510	ConradGenotype	0.000583205973213
8	82207571	82209251	cg06027949	SNX16	708289	0.356	2.8252	2.4085	3.6692	ConradGenotype	0.001495449027519
11	11257991	11262124	cg05367858	RNF141	740918	-0.333	2.5060	2.4019	3.6325	ConradGenotype	0.003119173881649
1	191127054	191128549	cg05576974	UCHL5	167560	0.327	2.4365	2.0413	3.0005	ConradGenotype	0.003660143773487
17	36675163	36685731	cg13784792	JUP	515785	-0.357	2.8375	2.7233	3.5396	ConradGenotype	0.001453852158462
19	2860172	2861422	cg08634464	LOC126295	9123	-0.532	6.1870	2.1188	3.1113	ConradGenotype	0.000000650077371
4	164174798	164177311	cg26745540	NPY1R	296811	0.334	2.5289	2.4889	3.2764	ConradGenotype	0.002958856191639
5	176466696	176467745	cg21605986	KIAA1191	745967	0.398	3.4687	2.4948	3.3789	ConradGenotype	0.000339837980349
14	44680868	44682602	cg03491181	FKBP3	6630	-0.325	2.4045	2.2905	2.9610	ConradGenotype	0.003939772029756
7	87146297	87148760	cg08876591	ADAM22	254368	-0.319	2.3249	2.3232	3.3815	ConradGenotype	0.004732896503807
4	25899575	25904442	cg18489440	KIAA0746	428181	0.331	2.4794	2.4117	3.4259	ConradGenotype	0.003315929483414
19	20592635	20593903	cg19282452	FLJ46230	876577	-0.351	2.7556	2.4062	3.3345	ConradGenotype	0.001755344921712
1	85438779	85440284	cg10515956	MCOLN3	153123	-0.330	2.4696	2.4671	3.4465	ConradGenotype	0.003391391568730
17	7277809	7278290	cg16545079	PER1	718339	0.313	2.2576	1.8842	2.4252	ConradGenotype	0.005525918605038
5	172905608	172907328	cg19728382	STC2	217152	-0.342	2.6306	2.3227	3.1617	ConradGenotype	0.002340941749497
14	24332137	24332912	cg17109273	TINF2	550673	0.387	3.2940	2.3814	3.1150	ConradGenotype	0.000508148421179
14	24332137	24332912	cg16761581	ADCY4	458666	-0.342	2.6264	2.4043	3.2374	ConradGenotype	0.002363901475916
3	50318470	50324352	cg14448864	NAT6	9698	-0.351	2.7548	2.0031	2.9282	ConradGenotype	0.001758922354693
3	50318470	50324352	cg12444340	RBM5	220140	0.298	2.0735	2.0004	3.1569	ConradGenotype	0.008442595365299
16	15883340	15931383	cg08349806	FLJ39599	510178	0.327	2.4265	2.1944	3.0861	ConradGenotype	0.003745104187505
19	54871783	54872263	cg03138668	SLC17A7	235239	-0.334	2.5183	2.4289	3.5753	ConradGenotype	0.003031787226526
2	54419132	54420976	cg14832904	GPR75	479441	-0.365	2.9598	2.6296	3.4663	ConradGenotype	0.001096888372218
5	90535526	90537843	cg19369775	LOC153364	730709	-0.321	2.3587	2.2797	3.0476	ConradGenotype	0.004378074259338
12	12144189	12145952	cg08849126	GPRC5A	790567	0.359	2.8738	2.2139	2.9182	ConradGenotype	0.001337356715802
4	7887358	7888726	cg18619267	LOC389199	104237	-0.339	2.5962	2.4825	3.5008	ConradGenotype	0.002533797700138
15	90475894	90478000	cg07766315	LOC400451	522868	0.318	2.3175	2.1037	2.8831	ConradGenotype	0.004814415661777
16	68702855	68754003	cg17091851	LOC348174	185942	-0.356	2.8255	2.4467	3.4748	ConradGenotype	0.001494467618800
2	101419843	101420750	cg25853833	C2orf29	184430	-0.348	2.7206	2.3055	3.3959	ConradGenotype	0.001903007573252
2	101419843	101420750	cg12293634	RNF149	128922	-0.328	2.4427	2.2980	3.3966	ConradGenotype	0.003608496185598
12	52059516	52060091	cg18748332	ATF7	246540	-0.339	2.5976	2.1645	3.0894	ConradGenotype	0.002525668083687
1	165802604	165803417	cg09554443	CD3Z	48692	-0.338	2.5763	2.2648	3.0751	ConradGenotype	0.002653070130433
1	147302148	147516215	cg09409398	SF3B4	757172	-0.342	2.6329	2.3656	3.1380	ConradGenotype	0.002328480553002
17	36760471	36779150	cg24505527	NKIRAS2	652916	-0.365	2.9577	2.7745	3.8410	ConradGenotype	0.001102404728442
15	99159046	99159855	cg17115258	TM2D3	850967	0.320	2.3439	2.2856	3.2837	ConradGenotype	0.004529968936095
14	64676323	64677672	cg19637116	FNTB	153479	-0.306	2.1637	1.9206	2.8853	ConradGenotype	0.006859228856838
11	67984087	67985333	cg10413342	MRPL21	443528	-0.308	2.1956	1.7970	2.2289	ConradGenotype	0.006373653218412
22	19363919	19369607	cg01657694	KLHL22	186349	0.433	4.0816	1.9683	2.9296	ConradGenotype	0.000082868167325
22	19363919	19369607	cg13720744	CRKL	235521	0.300	2.0934	2.0487	3.0016	ConradGenotype	0.008064787630823
22	19363919	19369607	cg17239761	SNAP29	176232	0.303	2.1338	1.9425	2.7438	ConradGenotype	0.007348162400609
22	41209145	41335158	cg20727362	CYB5R3	103621	-0.372	3.0596	1.9784	2.9177	ConradGenotype	0.000871858550236
7	147704059	147707263	cg00006414	ZNF398	749033	0.296	2.0457	2.0325	3.0554	ConradGenotype	0.009002199332888
18	51514726	51516780	cg07980804	WDR7	953914	0.343	2.6479	2.5171	3.4177	ConradGenotype	0.002249803812444
8	95716183	95717097	cg26350286	RBM35A	5357	-0.327	2.4305	2.3823	3.2603	ConradGenotype	0.003711360943660
10	91988451	91992013	cg20571908	MPHOSPH1	538996	0.345	2.6674	2.2249	3.0516	ConradGenotype	0.002150870401586
7	16138321	16140500	cg12567315	TSPAN13	620781	0.311	2.2284	2.0012	2.8841	ConradGenotype	0.005910536011345
1	155440279	155443057	cg06106793	PRCC	437561	0.305	2.1576	1.9274	2.7261	ConradGenotype	0.006957439738903
12	11917753	11918281	cg03272031	LOH12CR1	483489	-0.335	2.5411	2.5361	3.4977	ConradGenotype	0.002876876185262
3	62585242	62587380	cg19629292	ZNF312	251850	0.332	2.4927	2.4517	3.3082	ConradGenotype	0.003215688992611
19	11156091	11157445	cg15334028	DNM2	466842	-0.322	2.3617	2.3381	3.3045	ConradGenotype	0.004348033851719
6	31383960	31387412	cg14663792	C6orf48	525052	0.381	3.1953	3.0333	3.8547	ConradGenotype	0.000637846166924
6	31383960	31387412	cg04513728	PPP1R10	692302	0.419	3.8267	2.9156	4.1152	ConradGenotype	0.000149046660625
8	120088560	120096979	cg19620294	TNFRSF11B	59254	0.385	3.2619	2.4517	3.5584	ConradGenotype	0.000547113751511
12	131483704	131484789	cg21432513	CHFR	461744	0.325	2.4099	2.1869	2.6209	ConradGenotype	0.003891489221034
13	94818369	94822017	cg17183991	HS6ST3	720918	0.338	2.5830	2.2076	3.1719	ConradGenotype	0.002612036046046
1	147300034	147726239	cg09409398	SF3B4	653217	-0.343	2.6443	2.3656	3.1380	ConradGenotype	0.002268152602028
11	17166514	17167872	cg11981631	ABCC8	287452	-0.352	2.7766	2.0968	3.2096	ConradGenotype	0.001672686254978
18	76009800	76011900	cg02955504	TXNL4A	161161	-0.315	2.2833	2.1666	3.0321	ConradGenotype	0.005207921913187
2	46821324	46832464	cg27138584	KCNK12	824588	-0.278	1.8379	1.8168	2.2207	ConradGenotype	0.014524748106275
2	46821324	46832464	cg01600782	CALM2	429992	-0.299	2.0863	1.7766	2.2279	ConradGenotype	0.008197581688532
14	73071536	73073419	cg00815605	ACOT2	33964	0.359	2.8758	2.3098	3.3439	ConradGenotype	0.001331022644266
10	75044000	75051412	cg18180783	MYOZ1	24810	-0.357	2.8493	2.3597	3.5239	ConradGenotype	0.001414735326735
20	4393359	4397529	cg27114120	PROKR2	849579	-0.358	2.8541	2.3123	3.0419	ConradGenotype	0.001399315538069
17	18469595	18491220	cg18958584	SHMT1	273013	-0.334	2.5289	2.2909	3.1739	ConradGenotype	0.002958856191639
20	1337176	1338798	cg10996143	FKBP1A	16437	-0.366	2.9716	2.4503	3.5554	ConradGenotype	0.001067489674320
19	4422340	4423189	cg26005082	C19orf30	297881	-0.276	1.8157	1.5495	1.7762	ConradGenotype	0.015287840401873
17	44259885	44263429	cg17778721	CBX1	728127	-0.297	2.0556	2.0123	3.1421	ConradGenotype	0.008797958857252
1	153926378	153931106	cg17921310	MAPBPIP	362648	0.429	3.9972	2.2171	3.2114	ConradGenotype	0.000100652086879
1	153926378	153931106	cg18528640	MSTO1	82065	0.319	2.3351	2.1527	3.0530	ConradGenotype	0.004622753567521
16	65293885	65296309	cg19514469	ELMO3	495861	-0.329	2.4601	2.1397	3.2542	ConradGenotype	0.003466673802833
16	65293885	65296309	cg13813391	CMTM2	124386	0.328	2.4437	1.9555	3.0107	ConradGenotype	0.003600162627508
1	40793794	40801068	cg02668729	CTPS	420510	-0.337	2.5632	2.1215	2.9700	ConradGenotype	0.002733715073639
1	40793794	40801068	cg25568243	C1orf176	50432	-0.355	2.8155	2.3673	3.1940	ConradGenotype	0.001529280943300
22	34893700	34905559	cg05531055	TOM1	873843	-0.371	3.0507	2.5757	3.4613	ConradGenotype	0.000889725294815
16	2589819	2676116	cg00949442	ABCA3	302038	0.392	3.3805	2.2850	3.0747	ConradGenotype	0.000416424733341
14	102020212	102020737	cg09556292	RCOR1	108201	-0.326	2.4252	2.2905	2.9448	ConradGenotype	0.003756465907700
14	102020212	102020737	cg00708642	EIF5	849871	-0.303	2.1287	2.1287	2.7458	ConradGenotype	0.007435821928559
3	6194115	6215583	cg02332525	GRM7	673196	-0.348	2.7091	2.3158	3.2182	ConradGenotype	0.001953946234355
9	132742245	132742808	cg26964989	LAMC3	132133	-0.382	3.2113	2.1224	2.9506	ConradGenotype	0.000614690398561
6	160006217	160008613	cg15298323	ACAT2	95657	-0.408	3.6365	2.4130	3.3590	ConradGenotype	0.000230962416213
2	130682838	130684330	cg09640202	IMP4	133519	-0.391	3.3554	2.7165	3.5705	ConradGenotype	0.000441190025885
2	130682838	130684330	cg03956267	FLJ20297	27621	0.355	2.8098	2.7015	3.8838	ConradGenotype	0.001549515257811
2	130682838	130684330	cg16169604	GPR148	518191	0.374	3.1000	2.6399	3.6644	ConradGenotype	0.000794365125547
2	130682838	130684330	cg26385743	IMP4	133519	-0.367	2.9946	2.8290	3.7023	ConradGenotype	0.001012555321538
21	34452459	34454968	cg13617782	SON	616729	0.293	2.0146	1.9913	2.7377	ConradGenotype	0.009668880613886
3	34224641	34225830	cg02699167	FBXL2	931188	0.305	2.1551	1.9927	3.1203	ConradGenotype	0.006997504357985
8	144771634	144785886	cg22892110	MAPK15	91741	0.335	2.5421	2.3473	3.1061	ConradGenotype	0.002870130832640
4	170523618	170524820	cg01654582	AADAT	723432	0.351	2.7513	2.4042	3.1455	ConradGenotype	0.001772789081719
17	31626906	31635481	cg19678067	ZNF403	343878	-0.338	2.5730	2.4697	3.6890	ConradGenotype	0.002673238982087
17	55934524	55936075	cg14623313	APPBP2	22772	-0.528	6.1023	2.3853	3.2788	ConradGenotype	0.000000790092447
4	15215299	15216505	cg19128498	FBXL5	50252	0.621	8.7636	2.2570	3.1138	ConradGenotype	0.000000001723567
1	244806227	244808300	cg15590526	ZNF124	594442	-0.370	3.0272	2.5179	3.6279	ConradGenotype	0.000939356625211
20	32705988	32707384	cg15056412	APBA2BP	980567	0.306	2.1621	2.0154	3.2061	ConradGenotype	0.006884793963433
4	3029554	3039234	cg00072216	MXD4	800786	-0.337	2.5631	2.2218	3.0373	ConradGenotype	0.002734605391692
12	121751048	121753991	cg20361540	VPS37B	193963	0.347	2.7041	2.3008	2.8961	ConradGenotype	0.001976625748245
11	75820021	75826175	cg21238457	WNT11	225767	-0.377	3.1454	2.4686	3.3672	ConradGenotype	0.000715426822369
10	74794355	74797666	cg16108132	ANXA7	47768	-0.351	2.7636	2.2878	3.1845	ConradGenotype	0.001723540665810
18	18308185	18321383	cg00940278	GATA6	312136	0.275	1.8074	1.7746	2.2291	ConradGenotype	0.015580700159893
12	60486092	60497244	cg15736338	FAM19A2	380244	-0.342	2.6280	2.2816	3.1577	ConradGenotype	0.002354816583302
5	151229543	151233114	cg08317263	CCDC69	647626	0.359	2.8668	2.7096	3.5824	ConradGenotype	0.001358786046143
15	41780690	41782899	cg03377682	PDIA3	44222	0.313	2.2536	2.1552	2.9701	ConradGenotype	0.005576927641108
7	47250178	47256783	cg14171882	HUS1	732147	0.299	2.0808	1.9856	2.7949	ConradGenotype	0.008302520312818
17	44706962	44707879	cg07231132	TMEM92	998109	-0.303	2.1331	1.9409	3.0665	ConradGenotype	0.007360142753214
14	62131161	62135492	cg07052387	HIF1A	901158	0.301	2.1090	1.9700	2.8239	ConradGenotype	0.007779647030189
14	62131161	62135492	cg26661257	HIF1A	901158	0.292	1.9974	1.9160	2.7233	ConradGenotype	0.010060385655269
22	34894430	34901494	cg05531055	TOM1	872176	-0.404	3.5723	2.5757	3.4613	ConradGenotype	0.000267716732783
8	144188813	144193250	cg10918419	C8orf55	385434	-0.340	2.6058	2.4350	3.2684	ConradGenotype	0.002478603017370
2	164349439	164353966	cg22380033	GRB14	834524	0.338	2.5820	2.3272	3.1420	ConradGenotype	0.002618029585035
Chr	cnvStart	cnvEnd	CpG	Gene	Distance	rValue	-log(NomimalPvalue)	-log(PermutationPvalueP100)	-log(PermutationPvalueP10)	Source	NominalPvalue
16	67174843	67180909	cg26012103	SOCS1	55920681	-0.516	4.1115	4.0707	4.7661	1000GPgenotype	0.000077351058027
9	139893432	139897015	cg16386080	CCRK	50115760	0.557	4.8384	4.2766	5.3684	1000GPgenotype	0.000014506324439
17	55224998	55225966	cg05856931	MSI2	2536690	-0.567	5.0275	4.1765	5.0352	1000GPgenotype	0.000009387313729
18	61917850	61920182	cg25602457	DCC	13796565	-0.540	4.5304	4.1059	4.9241	1000GPgenotype	0.000029482827468
16	73987360	73988137	cg06736444	SRRM2	71245237	-0.555	4.7893	4.0992	5.3877	1000GPgenotype	0.000016243327372
8	144584722	144584824	cg17176732	OXR1	36845361	-0.544	4.5948	4.3940	5.4505	1000GPgenotype	0.000025419621573
8	144584722	144584824	cg16729690	FZD3	116176993	-0.567	5.0211	4.3454	5.2326	1000GPgenotype	0.000009526195496
5	88078895	88079222	cg17329249	MAT2B	74783798	0.606	5.8095	4.4690	5.5880	1000GPgenotype	0.000001550460042
14	106057907	106057966	cg04585992	TRAPPC6B	67348630	-0.524	4.2394	4.0582	5.0278	1000GPgenotype	0.000057624479888
7	4047791	4048822	cg07681084	LMBR1	152330188	0.531	4.3645	4.3449	5.4380	1000GPgenotype	0.000043203100514
2	77971399	77971865	cg20389709	KLF11	67870545	0.558	4.8511	4.5117	5.5688	1000GPgenotype	0.000014088450774
22	22606435	22609225	cg17239761	SNAP29	3064835	-0.567	5.0219	3.9506	4.9208	1000GPgenotype	0.000009509092260
15	21658807	21658969	cg08757531	FAM103A1	59787046	-0.544	4.5934	3.9867	5.0124	1000GPgenotype	0.000025505898147
3	185359510	185360097	cg06806080	CD47	76067124	-0.548	4.6600	4.4959	5.4428	1000GPgenotype	0.000021875381860
3	116149712	116151030	cg14106308	VEPH1	42549572	0.560	4.8893	4.5908	5.7666	1000GPgenotype	0.000012903201445
3	192269772	192270635	cg20856064	PH-4	143267459	0.571	5.0871	4.4380	5.6243	1000GPgenotype	0.000008183212062
8	25043112	25046230	cg15995002	RAD54B	70511761	-0.542	4.5526	4.3333	5.3552	1000GPgenotype	0.000028015544486
1	223323169	223323465	cg09633588	C1orf174	219515731	0.545	4.6143	4.4538	5.4231	1000GPgenotype	0.000024307814171
2	126159718	126168301	cg07915542	IDH1	82664296	-0.537	4.4772	4.4538	5.3533	1000GPgenotype	0.000033326046210
11	20152279	20152418	cg20869710	APIP	14742065	-0.541	4.5386	4.3427	5.3069	1000GPgenotype	0.000028934907652
11	5764712	5765830	cg07696033	ALX4	38517420	-0.532	4.3856	4.3177	5.4525	1000GPgenotype	0.000041151062071
14	21022465	21024502	cg10300684	FOXG1B	7282664	0.519	4.1683	4.0766	5.1362	1000GPgenotype	0.000067869499939
17	2141671	2141805	cg06759215	DBF4B	38000071	-0.521	4.2037	4.1288	5.1413	1000GPgenotype	0.000062556943839
1	111876218	111876328	cg11844110	C1orf132	94232656	-0.559	4.8651	4.5330	5.4653	1000GPgenotype	0.000013644130220
15	85691981	85692053	cg00410576	MAPK6	35593007	0.533	4.3942	4.0337	4.9397	1000GPgenotype	0.000040344553782
10	127735174	127735974	cg08395899	UPF2	115610758	-0.530	4.3487	4.2897	5.2872	1000GPgenotype	0.000044802973588
11	5741150	5765858	cg07696033	ALX4	38529187	-0.532	4.3856	4.3177	5.4525	1000GPgenotype	0.000041151062071
15	22228612	22230630	cg05924191	FLJ20582	10837641	0.573	5.1260	3.9623	5.1464	1000GPgenotype	0.000007481899962
22	22619467	22620525	cg08431931	MGC26816	18104910	-0.516	4.1206	3.8617	4.7601	1000GPgenotype	0.000075760433922
17	73499878	73500192	cg23267110	EPN2	54418543	0.550	4.7103	4.0584	5.1325	1000GPgenotype	0.000019486899584
2	224928174	224928712	cg26824467	LASS6	55907132	-0.563	4.9360	4.5039	5.5527	1000GPgenotype	0.000011587304981
14	49070698	49070826	cg19168631	DAAM1	9654438	-0.622	6.1845	4.0904	4.9713	1000GPgenotype	0.000000653855678
15	22237952	22241300	cg05924191	FLJ20582	10827636	0.573	5.1260	3.9623	5.1464	1000GPgenotype	0.000007481899962
8	23954409	23954543	cg15301700	SCRT1	121577442	0.565	4.9750	4.3290	5.4505	1000GPgenotype	0.000010591983340
17	36675248	36685688	cg00214346	PRKAR1A	27339754	-0.536	4.4460	4.1237	5.0832	1000GPgenotype	0.000035813314560
17	36675248	36685688	cg19383689	WSB1	14035134	-0.522	4.2083	4.1079	5.2337	1000GPgenotype	0.000061903185695
20	40340323	40340374	cg11004890	SLC4A11	37172568	0.519	4.1710	3.8492	4.6316	1000GPgenotype	0.000067456393744
8	25038502	25040900	cg15995002	RAD54B	70516731	-0.542	4.5526	4.3333	5.3552	1000GPgenotype	0.000028015544486
5	90029031	90029087	cg10331779	CTNND2	78072079	0.552	4.7320	4.5093	5.5155	1000GPgenotype	0.000018534951300
16	26290901	26291233	cg11115702	SPIN1	2602622	0.516	4.1175	4.0535	5.1177	1000GPgenotype	0.000076296826150
4	57782103	57782501	cg15843217	PCGF3	57092724	0.555	4.7879	4.5145	5.5224	1000GPgenotype	0.000016296308805
19	20041433	20041748	cg07242565	NR2F6	2824282	-0.522	4.2086	3.9719	4.9672	1000GPgenotype	0.000061855744928
13	29113824	29119844	cg02162950	KIAA1008	43137246	0.527	4.3052	4.2330	5.4343	1000GPgenotype	0.000049526284599
11	4759098	4759408	cg17441778	MYO7A	71756969	0.566	4.9929	4.2842	5.2670	1000GPgenotype	0.000010165792529
9	16322324	16322438	cg10716607	TOPORS	16220083	0.550	4.6937	4.3420	5.4361	1000GPgenotype	0.000020243458496
15	22262752	22265250	cg05924191	FLJ20582	10803261	0.573	5.1260	3.9623	5.1464	1000GPgenotype	0.000007481899962
2	41094412	41095830	cg16406212	UBXD4	17078457	-0.550	4.7039	4.5201	5.5967	1000GPgenotype	0.000019775925524
2	41091871	41103797	cg16406212	UBXD4	17081170	-0.550	4.7039	4.5201	5.5967	1000GPgenotype	0.000019775925524
19	41738022	41738337	cg24824840	SHANK1	14173789	0.517	4.1378	3.9553	4.9015	1000GPgenotype	0.000072808044069
9	140099612	140101330	cg20188282	GTF3C5	5204643	-0.541	4.5387	4.2806	5.2857	1000GPgenotype	0.000028925006261
1	195053464	195055175	cg14106085	FOXD2	147379447	0.581	5.2924	4.4769	5.5851	1000GPgenotype	0.000005099945217
12	33113269	33113326	cg07973246	SRGAP1	29410953	-0.532	4.3838	4.2892	5.2315	1000GPgenotype	0.000041325888431
8	25034712	25037930	cg15995002	RAD54B	70520111	-0.542	4.5526	4.3333	5.3552	1000GPgenotype	0.000028015544486
5	150860912	150862730	cg20584011	ZDHHC11	149957316	0.544	4.5979	4.4964	5.5095	1000GPgenotype	0.000025242358875
8	76576602	76576706	cg23644127	C8orf38	19529753	-0.605	5.8028	4.3612	5.3918	1000GPgenotype	0.000001574658203
8	127470365	127474127	cg23538854	IL7	47592522	0.541	4.5464	4.3226	5.2233	1000GPgenotype	0.000028415522284
12	102902827	102903508	cg14914982	CCND2	98649118	-0.569	5.0536	4.3051	5.1348	1000GPgenotype	0.000008839218723
10	35633213	35633542	cg07621046	C10orf82	82786295	0.582	5.3178	4.3035	5.2573	1000GPgenotype	0.000004811086157
15	99159011	99159893	cg17316750	FAM82C	60325030	0.514	4.0862	3.9503	4.8419	1000GPgenotype	0.000082000318083
15	99159011	99159893	cg25808839	LACTB	37958056	0.543	4.5701	3.9694	4.7557	1000GPgenotype	0.000026906412836
15	99159011	99159893	cg17676096	LEO1	49107939	0.532	4.3910	4.0472	5.2479	1000GPgenotype	0.000040648388349
14	97853734	97854840	cg11700584	RPL36AL	48696794	0.523	4.2315	4.0869	4.8974	1000GPgenotype	0.000058685811462
15	22234312	22236830	cg05924191	FLJ20582	10831691	0.573	5.1260	3.9623	5.1464	1000GPgenotype	0.000007481899962
10	133299069	133299399	cg24428042	ECHDC3	121475089	0.588	5.4260	4.2114	5.1898	1000GPgenotype	0.000003750010457
7	39563899	39564163	cg07753583	LRRC61	110087347	0.547	4.6493	4.4854	5.5469	1000GPgenotype	0.000022424653508
7	131044876	131047079	cg03700462	HOXA1	103943426	0.532	4.3853	4.3282	5.4261	1000GPgenotype	0.000041183590107
2	41099912	41101730	cg16406212	UBXD4	17084157	-0.550	4.7039	4.5201	5.5967	1000GPgenotype	0.000019775925524
19	14907392	14910477	cg18678421	LENG8	44743156	0.518	4.1473	3.9820	5.0635	1000GPgenotype	0.000071243746674
19	14907392	14910477	cg03410718	FLJ45684	14310508	-0.522	4.2175	3.9874	5.1017	1000GPgenotype	0.000060606263700
15	19810212	19812830	cg23311628	RAB8B	41457244	-0.562	4.9148	3.8992	5.0243	1000GPgenotype	0.000012168375068
19	13636678	13637850	cg15456206	ZNF580	47206967	0.506	3.9526	3.9333	4.8554	1000GPgenotype	0.000111538585555
12	9533412	9535530	cg14449051	SLC6A15	74295674	-0.537	4.4651	4.3641	5.4813	1000GPgenotype	0.000034271188416
15	22269112	22271030	cg05924191	FLJ20582	10797191	0.573	5.1260	3.9623	5.1464	1000GPgenotype	0.000007481899962
8	138812148	138813043	cg04681849	PDGFRL	121333450	-0.535	4.4354	4.3518	5.1292	1000GPgenotype	0.000036697729664
19	8150155	8150976	cg17832674	CALM3	43645621	-0.520	4.1765	3.9652	5.2278	1000GPgenotype	0.000066600680918
19	56825467	56828525	cg27611665	FBXL12	47036378	0.561	4.9067	3.9951	4.8484	1000GPgenotype	0.000012395760897
6	823279	823565	cg07971188	HCP5	30715542	0.554	4.7732	4.5124	5.6832	1000GPgenotype	0.000016858970509
2	188827468	188829227	cg22395019	GALNT14	157613845	-0.547	4.6486	4.4929	5.8672	1000GPgenotype	0.000022461806640
19	38264621	38264884	cg06586599	MCOLN1	30771240	0.545	4.6180	3.9961	5.1061	1000GPgenotype	0.000024101043296
8	115703212	115704730	cg23526055	TCEB1	40656851	0.539	4.5039	4.2585	5.5558	1000GPgenotype	0.000031340784061
12	7713911	7715588	cg26829131	HOXC9	44965511	-0.600	5.6815	4.4166	5.6785	1000GPgenotype	0.000002082040785
15	22246712	22250530	cg05924191	FLJ20582	10818641	0.573	5.1260	3.9623	5.1464	1000GPgenotype	0.000007481899962
20	35249024	35249335	cg07889201	ZNF343	32811463	-0.559	4.8603	3.8741	4.7802	1000GPgenotype	0.000013793411671
20	36572671	36572983	cg09926892	RNPC2	2779579	0.502	3.8963	3.8792	5.0196	1000GPgenotype	0.000126970030725
19	52496196	52496275	cg05488632	ABHD9	37291502	0.561	4.9075	3.9382	4.9253	1000GPgenotype	0.000012374654852
16	58589584	58589897	cg19369556	CDH13	22628826	0.551	4.7124	4.0338	5.0436	1000GPgenotype	0.000019391681915
2	82889150	82889927	cg15768203	PPIG	87260125	0.561	4.9128	4.4374	5.5385	1000GPgenotype	0.000012223151702
7	150861131	150862776	cg25990230	PMS2L3	75866771	0.555	4.7909	4.3750	5.4988	1000GPgenotype	0.000016184784669
18	61359207	61359301	cg07980518	RNF152	3647065	-0.544	4.5913	4.0442	5.2291	1000GPgenotype	0.000025628186452
7	120077487	120078623	cg14427173	RINT-1	15118155	-0.549	4.6799	4.4208	5.6753	1000GPgenotype	0.000020897689205
15	22220463	22270264	cg05924191	FLJ20582	10821899	0.573	5.1260	3.9623	5.1464	1000GPgenotype	0.000007481899962
3	163118206	163118385	cg14870461	AER61	93973122	-0.549	4.6799	4.4251	5.5641	1000GPgenotype	0.000020898069679
3	163118206	163118385	cg03929796	ALAS1	110910987	-0.616	6.0472	4.5657	5.5004	1000GPgenotype	0.000000896927822
19	55526309	55526366	cg06650786	NOTCH3	40353854	-0.515	4.1027	4.0197	5.1441	1000GPgenotype	0.000078940343445
11	5760312	5763730	cg07696033	ALX4	38520670	-0.532	4.3856	4.3177	5.4525	1000GPgenotype	0.000041151062071
19	41532551	41533972	cg15392792	DNM2	30843335	-0.517	4.1321	3.9559	4.9068	1000GPgenotype	0.000073776646832
17	36675467	36681025	cg00214346	PRKAR1A	27341976	-0.536	4.4460	4.1237	5.0832	1000GPgenotype	0.000035813314560
17	36675467	36681025	cg19383689	WSB1	14032912	-0.522	4.2083	4.1079	5.2337	1000GPgenotype	0.000061903185695
9	33413362	33414654	cg12118437	REXO4	101858808	0.550	4.7101	4.2247	5.4025	1000GPgenotype	0.000019493396456
13	45804889	45805037	cg16000832	RCBTB2	2200018	0.542	4.5618	4.2102	5.4038	1000GPgenotype	0.000027428513402
3	159758323	159758423	cg13775495	IL12A	1431059	-0.575	5.1685	4.5579	5.8938	1000GPgenotype	0.000006783829896
16	18740026	18745877	cg04339860	WWP2	49610913	-0.514	4.0897	3.9694	4.9875	1000GPgenotype	0.000081329880023
16	18740026	18745877	cg19229809	ZNF267	13049892	-0.602	5.7306	4.0098	5.2346	1000GPgenotype	0.000001859358460
16	18740026	18745877	cg27254601	MAZ	10982477	-0.558	4.8440	4.1215	5.2607	1000GPgenotype	0.000014323433072
16	18740026	18745877	cg15134649	MT1E	36473711	-0.534	4.4192	4.0551	5.0674	1000GPgenotype	0.000038093080037
11	5753312	5756230	cg07696033	ALX4	38527920	-0.532	4.3856	4.3177	5.4525	1000GPgenotype	0.000041151062071
7	147703797	147707256	cg07461582	RINT-1	42745626	0.548	4.6565	4.3893	5.4606	1000GPgenotype	0.000022056172597
3	2608027	2608347	cg22700017	CAMK2N2	182853575	-0.556	4.8141	4.3853	5.4491	1000GPgenotype	0.000015341414053
19	56825620	56842045	cg27611665	FBXL12	47043214	0.561	4.9067	3.9951	4.8484	1000GPgenotype	0.000012395760897
5	151230352	151232850	cg27092035	ARL10	24494157	0.545	4.6134	4.5843	5.4882	1000GPgenotype	0.000024354883472
17	55934631	55936055	cg08635242	CPD	30205160	-0.537	4.4784	4.0776	5.0090	1000GPgenotype	0.000033237175567
17	70619324	70619833	cg16435601	FALZ	7367457	-0.523	4.2363	4.0990	5.2513	1000GPgenotype	0.000058031711118
13	46970883	46971205	cg00888561	WDFY2	4085612	0.574	5.1564	4.1874	5.1923	1000GPgenotype	0.000006976326207
3	196096013	196096328	cg03277051	COL8A1	95256750	-0.548	4.6592	4.5230	5.6514	1000GPgenotype	0.000021919469991
2	41098012	41098930	cg16406212	UBXD4	17081807	-0.550	4.7039	4.5201	5.5967	1000GPgenotype	0.000019775925524
6	119118982	119120620	cg20955831	LRRC16	93732432	-0.539	4.5004	4.3329	5.4520	1000GPgenotype	0.000031592914675
6	119118982	119120620	cg14556618	IGF2R	41190534	-0.545	4.6168	4.5583	5.8658	1000GPgenotype	0.000024165234430
7	81566664	81567000	cg24169822	HOXA4	54430034	-0.544	4.5866	4.4345	5.3134	1000GPgenotype	0.000025908534790
2	140595894	140595987	cg06983551	BUB1	29443597	0.563	4.9500	4.5062	5.6924	1000GPgenotype	0.000011220655366
15	22242412	22245430	cg05924191	FLJ20582	10823341	0.573	5.1260	3.9623	5.1464	1000GPgenotype	0.000007481899962
7	148461681	148461744	cg06943865	PEG10	54329994	0.540	4.5268	4.4245	5.3883	1000GPgenotype	0.000029732383914
15	22258712	22261530	cg05924191	FLJ20582	10807141	0.573	5.1260	3.9623	5.1464	1000GPgenotype	0.000007481899962
2	181634073	181634394	cg04072323	SKIP	47120490	0.568	5.0382	4.4292	5.2899	1000GPgenotype	0.000009158692578
10	11985438	11985776	cg24334983	ANXA11	69969541	-0.578	5.2372	4.2892	5.3030	1000GPgenotype	0.000005791598535
12	76432788	76433110	cg19402885	PTPRO	61066020	0.548	4.6600	4.3451	5.4180	1000GPgenotype	0.000021878799542
8	25028350	25046860	cg15995002	RAD54B	70518827	-0.542	4.5526	4.3333	5.3552	1000GPgenotype	0.000028015544486
15	22255312	22257230	cg05924191	FLJ20582	10810991	0.573	5.1260	3.9623	5.1464	1000GPgenotype	0.000007481899962
17	36681367	36685525	cg00214346	PRKAR1A	27336776	-0.536	4.4460	4.1237	5.0832	1000GPgenotype	0.000035813314560
17	36681367	36685525	cg19383689	WSB1	14038112	-0.522	4.2083	4.1079	5.2337	1000GPgenotype	0.000061903185695
3	193605463	193606156	cg15900980	GPX1	144235398	0.545	4.6110	4.4633	5.4625	1000GPgenotype	0.000024488984321
19	12467942	12472271	cg00401678	EMR3	2178221	0.554	4.7704	3.9608	4.8593	1000GPgenotype	0.000016968641255
19	12467942	12472271	cg11677722	PAF1	32103775	0.583	5.3371	4.0105	5.2064	1000GPgenotype	0.000004601975588
17	62361003	62361318	cg18503387	MRPS23	9079198	0.524	4.2496	4.0700	4.9083	1000GPgenotype	0.000056280831335
14	75968700	75968926	cg14611174	SIX6	15922934	-0.550	4.7089	4.0744	5.2659	1000GPgenotype	0.000019546245407
6	79078312	79079230	cg16218387	FAM8A1	61369957	-0.585	5.3689	4.5323	5.4658	1000GPgenotype	0.000004276982585
15	99202548	99202769	cg25829226	PLEKHQ1	36281495	-0.529	4.3371	3.9402	5.3118	1000GPgenotype	0.000046017880176
17	50288737	50288968	cg12844497	AURKB	42234268	0.524	4.2427	4.0831	5.3239	1000GPgenotype	0.000057180881315
3	108520640	108523022	cg05570980	C3orf52	4766089	-0.543	4.5830	4.5120	5.6373	1000GPgenotype	0.000026118957231
5	23938779	23940991	cg26413355	UNQ9217	55879767	-0.541	4.5470	4.5004	5.4532	1000GPgenotype	0.000028381935272
11	130001608	130001852	cg11781389	LOC89944	3705424	0.599	5.6562	4.3757	5.6700	1000GPgenotype	0.000002206932302
2	215291705	215292021	cg02358761	STK17B	18547421	0.559	4.8593	4.5256	5.5037	1000GPgenotype	0.000013827062584
6	31384612	31386630	cg00893987	RPL7L1	11569831	0.569	5.0522	4.4351	5.3963	1000GPgenotype	0.000008867128792
6	31384612	31386630	cg02599464	HIST1H4I	4170213	0.569	5.0522	4.5392	5.5397	1000GPgenotype	0.000008867128792
2	115344575	115345313	cg13297249	FLJ38379	127249777	-0.549	4.6826	4.5219	5.5616	1000GPgenotype	0.000020769019287
11	42112726	42113054	cg23617121	OSBPL5	39035101	0.530	4.3500	4.3361	5.3175	1000GPgenotype	0.000044665386831
19	56828967	56841025	cg27611665	FBXL12	47044378	0.561	4.9067	3.9951	4.8484	1000GPgenotype	0.000012395760897
13	37955316	37958201	cg03623878	MCF2L	74746769	0.526	4.2854	4.1279	5.1645	1000GPgenotype	0.000051827314410
1	56173871	56174191	cg16343696	KPNA6	23827225	-0.553	4.7612	4.5062	5.3029	1000GPgenotype	0.000017330863738
17	32217537	32217855	cg22325646	RND2	6212787	0.535	4.4408	4.0582	5.1234	1000GPgenotype	0.000036244005351
17	32217537	32217855	cg26129916	GGA3	38551695	0.528	4.3208	4.0540	5.0851	1000GPgenotype	0.000047770599891
17	15730283	15734513	cg10944783	TBPIP	22251179	-0.552	4.7404	4.0955	5.2709	1000GPgenotype	0.000018179478730
11	5756712	5759730	cg07696033	ALX4	38524470	-0.532	4.3856	4.3177	5.4525	1000GPgenotype	0.000041151062071
2	91190348	91190412	cg03552103	SEPT10	18539075	-0.581	5.2887	4.4752	5.5806	1000GPgenotype	0.000005143719256
4	176357119	176357507	cg23595927	MYL5	175695384	0.553	4.7526	4.5699	5.8548	1000GPgenotype	0.000017677328114
3	156893652	156893976	cg02332525	GRM7	150015769	0.545	4.6186	4.4441	5.4558	1000GPgenotype	0.000024065060240
1	225548888	225549205	cg04668164	SMAP1L	184936813	0.559	4.8712	4.5188	5.5981	1000GPgenotype	0.000013450889525
11	85981879	85984206	cg03750407	RAD9A	19066933	-0.533	4.3966	4.3005	5.4365	1000GPgenotype	0.000040120340003
15	23482491	23483470	cg12623088	MGC4562	40890108	-0.536	4.4592	3.9470	4.9757	1000GPgenotype	0.000034739852117
9	108063938	108064248	cg26805528	CRAT	22849244	-0.549	4.6897	4.2524	5.1657	1000GPgenotype	0.000020431964475
8	25032812	25034130	cg15995002	RAD54B	70522961	-0.542	4.5526	4.3333	5.3552	1000GPgenotype	0.000028015544486
8	25041114	25042787	cg15995002	RAD54B	70514482	-0.542	4.5526	4.3333	5.3552	1000GPgenotype	0.000028015544486
4	61710907	61711189	cg02553486	CORIN	14176897	0.559	4.8751	4.6106	5.5883	1000GPgenotype	0.000013331248637
4	147139029	147147190	cg13743031	NEIL3	31325051	-0.546	4.6216	4.6180	5.7151	1000GPgenotype	0.000023900831533
10	66702393	66702807	cg03285457	LBX1	36276486	0.556	4.8198	4.1870	5.1561	1000GPgenotype	0.000015143939015
19	41532592	41538912	cg15392792	DNM2	30845826	-0.517	4.1321	3.9559	4.9068	1000GPgenotype	0.000073776646832
19	22899898	22903253	cg20897667	PEG3	39141934	-0.510	4.0213	3.9609	5.1166	1000GPgenotype	0.000095203129992
19	59248112	59250930	cg24836583	HOMER3	40336839	0.553	4.7501	3.9979	5.1417	1000GPgenotype	0.000017779139023
8	25029502	25031800	cg15995002	RAD54B	70525781	-0.542	4.5526	4.3333	5.3552	1000GPgenotype	0.000028015544486
11	5741412	5745230	cg07696033	ALX4	38539370	-0.532	4.3856	4.3177	5.4525	1000GPgenotype	0.000041151062071
10	10748550	10748869	cg11443787	MLLT10	11114756	-0.525	4.2684	4.2028	5.2345	1000GPgenotype	0.000053905595920
10	75043831	75051240	cg16786703	ADAM8	59892748	-0.542	4.5643	4.1846	5.4098	1000GPgenotype	0.000027273050325
1	101161140	101161459	cg26168975	C1orf80	119792076	-0.540	4.5210	4.5004	5.4711	1000GPgenotype	0.000030128171192
12	29735649	29737702	cg00113951	CABP1	89826518	0.553	4.7612	4.3696	5.5257	1000GPgenotype	0.000017330863738
10	135090812	135092535	cg20441175	DNAJC9	60414783	0.522	4.2096	4.1619	5.1607	1000GPgenotype	0.000061714096327
10	135090812	135092535	cg08413366	PPP3CB	60166221	0.590	5.4718	4.1769	5.1190	1000GPgenotype	0.000003374546904
7	50606059	50606149	cg17628717	HECW1	7288188	-0.589	5.4529	4.4081	5.3413	1000GPgenotype	0.000003524117869
17	15730467	15731525	cg10944783	TBPIP	22252581	-0.528	4.3168	4.0955	5.2709	1000GPgenotype	0.000048218250507
22	41428595	41428962	cg00199549	MCM5	7302622	0.538	4.4898	3.8773	4.7841	1000GPgenotype	0.000032373096448
17	68881570	68882400	cg00032227	NAT9	1402115	0.573	5.1273	4.1039	5.2803	1000GPgenotype	0.000007459070167
8	115710052	115712400	cg23526055	TCEB1	40664106	0.539	4.5039	4.2585	5.5558	1000GPgenotype	0.000031340784061
3	62585658	62587088	cg20449692	CLDN11	109033402	-0.558	4.8531	4.5369	5.5124	1000GPgenotype	0.000014025907551
4	186120545	186120652	cg26454299	PPP3CA	83633210	-0.599	5.6703	4.6307	5.6962	1000GPgenotype	0.000002136336575
9	140095736	140101839	cg20188282	GTF3C5	5202959	-0.541	4.5387	4.2806	5.2857	1000GPgenotype	0.000028925006261
2	162040514	162042287	cg06645778	HSPC159	97507543	-0.558	4.8531	4.5564	5.7989	1000GPgenotype	0.000014025853314
15	47332156	47335146	cg20484306	MAP2K1	17132834	-0.517	4.1288	4.0163	4.8204	1000GPgenotype	0.000074340093583
17	19512503	19512912	cg21571937	FZD2	20478078	0.556	4.8031	4.1157	5.0676	1000GPgenotype	0.000015735920953
19	737551	737695	cg04947578	C19orf10	3883710	0.517	4.1284	3.9795	4.9635	1000GPgenotype	0.000074410844106
19	737551	737695	cg01533387	IFI30	17408173	0.516	4.1111	3.9677	4.8645	1000GPgenotype	0.000077434859891
19	737551	737695	cg05955224	CRI2	43984799	0.518	4.1530	4.0271	5.1363	1000GPgenotype	0.000070311980056
19	737551	737695	cg04878842	ERCC2	49827831	0.608	5.8629	3.9789	4.8850	1000GPgenotype	0.000001371055939
15	22223428	22274001	cg05924191	FLJ20582	10818548	0.573	5.1260	3.9623	5.1464	1000GPgenotype	0.000007481899962
17	23054555	23054626	cg23918047	ARHGDIA	54367961	0.544	4.5917	4.1358	5.1860	1000GPgenotype	0.000025600764630
3	46769428	46826524	cg18925884	IL17RD	10381353	-0.476	4.9168	4.0728	5.0691	ConradGenotype	0.000012112900337
3	46769428	46826524	cg00838150	MITF	23073585	-0.468	4.7484	3.9728	4.8684	ConradGenotype	0.000017849104303
11	55121253	55209637	cg11980188	CYP2R1	40295772	-0.431	4.0337	4.0199	5.1477	ConradGenotype	0.000092529213007
11	55121253	55209637	cg01800843	ATM	52433212	-0.454	4.4728	3.9504	4.9795	ConradGenotype	0.000033666771438
2	54366555	54371160	cg17741106	RDH14	35763742	-0.443	4.2529	3.9618	5.0068	ConradGenotype	0.000055865658504
6	31378345	31387412	cg05402265	ICK	21651588	0.436	4.1306	4.0476	5.1787	ConradGenotype	0.000074023533061
2	131938233	131941074	cg13901526	GYPC	4809155	0.479	4.9758	4.0405	5.0632	ConradGenotype	0.000010572037163
2	131938233	131941074	cg01594915	HNRPA3	45846155	0.446	4.3100	4.0531	5.0384	ConradGenotype	0.000048975153251
2	131938233	131941074	cg17043155	MRPL19	56212027	0.443	4.2529	4.0360	5.0573	ConradGenotype	0.000055865559251
2	131938233	131941074	cg26454191	PMS1	58417647	0.444	4.2876	4.0343	4.9390	ConradGenotype	0.000051565936326
2	131938233	131941074	cg04533291	WDR39	35645572	-0.437	4.1470	4.1257	5.2182	ConradGenotype	0.000071278404134
5	19410578	19412168	cg03992230	HNRPH1	159571765	-0.462	4.6295	3.9755	4.9112	ConradGenotype	0.000023466888577
6	69527894	69528390	cg20879959	HLA-A	39509417	-0.476	4.9243	4.0740	5.1413	ConradGenotype	0.000011904373647
1	177722257	177724955	cg07597871	RAP1A	65759564	0.473	4.8644	4.1447	5.1548	ConradGenotype	0.000013663436561
18	61917905	61920159	cg25602457	DCC	13796581	-0.433	4.0727	3.6301	4.5228	ConradGenotype	0.000084585575442
2	1079649	1080699	cg13057368	SSB	169283676	-0.438	4.1655	4.0809	5.1691	ConradGenotype	0.000068309608840
19	59424694	59435445	cg05562817	MGC33839	2866987	0.416	3.7672	3.7061	4.8866	ConradGenotype	0.000170925548179
19	59424694	59435445	cg03900104	PPP1R13L	8828909	0.431	4.0436	3.7125	4.6126	ConradGenotype	0.000090443874233
19	59424694	59435445	cg18145683	JAK3	41609708	-0.420	3.8379	3.6724	4.6709	ConradGenotype	0.000145228715428
6	23268749	23271735	cg03807235	PEX7	113915769	0.439	4.1785	4.0409	4.9682	ConradGenotype	0.000066291257730
15	82606345	82625912	cg17788682	ARNT2	4132385	0.437	4.1469	3.7069	4.8036	ConradGenotype	0.000071296080084
4	42457499	42464276	cg22609784	MSX1	37546713	0.435	4.1050	4.0906	5.2428	ConradGenotype	0.000078514723643
7	102135311	102152748	cg13360404	KIAA0265	27353565	-0.436	4.1366	3.9919	4.9769	ConradGenotype	0.000073019309107
3	178865818	178866301	cg17767184	DHFRL1	83601519	-0.431	4.0386	4.0289	5.0148	ConradGenotype	0.000091496005156
3	178865818	178866301	cg06429195	DAZL	162244501	0.479	4.9791	4.0314	5.2509	ConradGenotype	0.000010492054897
12	40984186	40986093	cg08519905	CD9	34805356	0.444	4.2898	3.9902	4.9777	ConradGenotype	0.000051315250765
11	49666184	49714391	cg05812599	CLPB	22133188	0.429	4.0103	3.9719	4.8317	ConradGenotype	0.000097645494149
4	9783252	9843664	cg10063179	MTNR1A	177900079	0.435	4.1198	4.0891	5.1000	ConradGenotype	0.000075884044916
16	32364447	32569534	cg21503093	EMP2	21885199	0.431	4.0481	3.7021	4.7296	ConradGenotype	0.000089505620245
14	42057216	42062664	cg25836301	MEG3	58302251	0.444	4.2759	3.6902	4.5331	ConradGenotype	0.000052979132765
7	4039859	4049085	cg11467738	ARPC1B	94765777	0.443	4.2689	3.8354	4.6440	ConradGenotype	0.000053837270233
7	4039859	4049085	cg10289912	ZNRF2	26246835	0.435	4.1050	3.8799	4.8151	ConradGenotype	0.000078529986234
7	4039859	4049085	cg01527212	TRIAD3	1742787	0.453	4.4611	3.9092	4.9769	ConradGenotype	0.000034582321207
11	85980916	85984169	cg26125443	POLR2G	23696982	-0.443	4.2637	4.0641	4.9465	ConradGenotype	0.000054486271698
22	43933465	43935464	cg11826116	ATF4	5688071	-0.430	4.0262	3.6043	4.5427	ConradGenotype	0.000094140746166
17	15730266	15734437	cg27349746	UBTF	23920942	-0.447	4.3367	3.7910	4.9854	ConradGenotype	0.000046056130600
20	59546452	59547047	cg17371067	CEBPB	11305528	0.404	3.5663	3.5322	4.4571	ConradGenotype	0.000271454965817
20	59546452	59547047	cg04757428	STMN3	2207934	0.419	3.8305	3.5438	4.5854	ConradGenotype	0.000147727766106
9	90097884	90099175	cg15919045	NFIL3	3127612	0.452	4.4390	3.8734	4.8598	ConradGenotype	0.000036391122413
12	68575998	68577013	cg04926244	FLJ32894	43947986	0.438	4.1647	3.9186	4.8368	ConradGenotype	0.000068431237316
12	68575998	68577013	cg01493517	HOM-TES-103	62041440	0.439	4.1945	3.9571	4.8829	ConradGenotype	0.000063903503230
7	78509600	78512689	cg24650353	HIP1	3304717	0.447	4.3376	3.8287	4.7269	ConradGenotype	0.000045962955490
12	58808113	58811315	cg15062795	ETV6	47115945	0.454	4.4741	3.9320	4.8457	ConradGenotype	0.000033566461851
16	55884184	55884708	cg18160978	ZNF668	24891725	-0.425	3.9376	3.7057	4.6822	ConradGenotype	0.000115448792191
13	19548177	19549772	cg11668844	MCF2L	93154553	0.411	3.6965	3.6818	4.8394	ConradGenotype	0.000201129102501
16	70646001	70669798	cg01374047	HCFC1R1	67643662	0.482	5.0336	3.6351	4.5646	ConradGenotype	0.000009256251847
12	94561061	94562351	cg22573917	WNT1	46901841	-0.449	4.3806	3.9128	4.9940	ConradGenotype	0.000041628449328
1	159746569	159913382	cg24744425	RABIF	41294662	-0.511	5.6804	4.1743	5.1079	ConradGenotype	0.000002087164385
7	141388076	141441024	cg18349835	VIPR2	17215722	-0.481	5.0317	3.9457	5.1726	ConradGenotype	0.000009296786381
6	82232906	82234243	cg19221044	TAP2	49318880	-0.428	3.9813	3.9794	4.9704	ConradGenotype	0.000104407861023
8	16366558	16370954	cg27342122	PHF20L1	117488154	0.462	4.6296	3.9626	5.1196	ConradGenotype	0.000023463983867
11	48557432	48560877	cg24528523	SLC22A18	45679068	0.427	3.9728	3.9556	5.0063	ConradGenotype	0.000106473619960
10	3563693	3565449	cg09352789	XPNPEP1	108108632	0.450	4.3858	3.8920	4.8402	ConradGenotype	0.000041131815027
19	14907340	14910599	cg06600447	MGC2749	3620898	0.414	3.7438	3.6458	4.5074	ConradGenotype	0.000180391015921
19	14907340	14910599	cg03410718	FLJ45684	14310543	-0.524	6.0002	3.6982	4.6405	ConradGenotype	0.000000999518321
7	51422202	51423357	cg09504196	ZNF398	97031915	0.439	4.1951	4.0253	5.0090	ConradGenotype	0.000063805192533
5	87414712	87417880	cg13755535	LMAN2	89295164	-0.428	3.9784	3.9652	5.0711	ConradGenotype	0.000105106012687
9	28067619	28069168	cg25910443	C9orf3	68460392	-0.422	3.8805	3.8669	4.9987	ConradGenotype	0.000131659834615
16	67345074	67351437	cg19289461	SEPT1	37046083	0.415	3.7514	3.6739	4.6169	ConradGenotype	0.000177239164563
11	119578548	119579874	cg17606683	HSPC138	33887999	-0.432	4.0613	3.9632	4.8204	ConradGenotype	0.000086837239381
11	119578548	119579874	cg11879480	SLC36A4	27008553	-0.437	4.1543	3.9722	5.1998	ConradGenotype	0.000070094818296
8	89995905	89999006	cg22836229	EFCAB1	40186830	-0.434	4.0977	3.9210	4.7566	ConradGenotype	0.000079846483629
8	89995905	89999006	cg23290344	NEF3	65169465	-0.443	4.2527	3.9915	5.1351	ConradGenotype	0.000055889349610
1	204239359	204366782	cg14560895	JARID1B	3259540	-0.486	5.1229	4.2171	5.2190	ConradGenotype	0.000007535429339
1	204239359	204366782	cg01628253	HAX1	51791433	-0.445	4.3042	4.1308	5.1052	ConradGenotype	0.000049638215728
1	204239359	204366782	cg13650137	ASPM	8920850	-0.488	5.1788	4.1344	5.0407	ConradGenotype	0.000006624542135
1	204239359	204366782	cg06963844	FBXO6	192655973	-0.481	5.0163	4.1682	5.2434	ConradGenotype	0.000009632515413
1	204239359	204366782	cg18389062	MAN1A2	86591816	-0.462	4.6392	4.1447	5.1990	ConradGenotype	0.000022948786034
1	204239359	204366782	cg15056107	NUP133	23407588	-0.436	4.1279	4.1046	5.0070	ConradGenotype	0.000074484625757
1	204239359	204366782	cg10549188	ANP32E	55828058	-0.488	5.1628	4.1189	5.2577	ConradGenotype	0.000006873669743
20	42739045	42742188	cg06303238	SALL4	7110893	-0.443	4.2568	3.5552	4.4943	ConradGenotype	0.000055356064148
12	7713851	7715100	cg26829131	HOXC9	44965785	-0.529	6.1096	3.9082	5.2497	ConradGenotype	0.000000776967711
10	124206745	124207345	cg20778669	MGMT	7037986	0.433	4.0843	3.8628	4.7883	ConradGenotype	0.000082357115452
9	129072975	129074561	cg08026144	PCSK5	51377473	0.418	3.8063	3.7682	4.8803	ConradGenotype	0.000156202152626
6	719091	719831	cg02914379	MDFI	40994126	0.446	4.3210	4.0409	5.1727	ConradGenotype	0.000047757637359
11	57923640	57924844	cg05650764	SAPS3	10060492	0.446	4.3185	4.0392	5.2648	ConradGenotype	0.000048033988521
19	21428050	21429849	cg04947578	C19orf10	16807616	0.440	4.2005	3.6972	4.5992	ConradGenotype	0.000063030073178
19	21428050	21429849	cg18109231	RFX2	15367257	0.433	4.0703	3.7461	5.0459	ConradGenotype	0.000085045490884
1	152424866	152427926	cg20375554	ARHGEF2	1788412	0.444	4.2803	4.1307	5.0617	ConradGenotype	0.000052446488410
19	11900599	11907033	cg11980435	BBC3	40522043	0.413	3.7154	3.6787	4.7077	ConradGenotype	0.000192597176258
19	11900599	11907033	cg09998229	TBXA2R	8346039	0.422	3.8761	3.6404	4.5613	ConradGenotype	0.000133006254342
19	11900599	11907033	cg04076481	FLJ12949	1366136	0.444	4.2890	3.7022	4.6077	ConradGenotype	0.000051406104997
19	11900599	11907033	cg24807354	EDG8	1413654	0.462	4.6276	3.7202	4.8240	ConradGenotype	0.000023571525040
8	39350819	39506576	cg17703554	WDR21C	49526681	-0.456	4.5100	3.8885	4.9534	ConradGenotype	0.000030901528222
19	59247515	59252299	cg15705469	ZNF71	2548700	0.413	3.7170	3.7130	4.8990	ConradGenotype	0.000191846948442
19	59247515	59252299	cg24836583	HOMER3	40337225	0.449	4.3710	3.6555	4.4332	ConradGenotype	0.000042562613913
7	55102374	55103361	cg18329349	CAV1	60850125	0.481	5.0180	3.8919	4.7533	ConradGenotype	0.000009595030121
15	30231548	30296440	cg07501965	CHRFAM7A	1791288	0.413	3.7147	3.6582	4.5038	ConradGenotype	0.000192881815636
5	52494608	52495458	cg04833050	LHFPL2	25346753	0.430	4.0153	3.9789	5.1091	ConradGenotype	0.000096548052596
7	71682534	71684330	cg19831077	LOC349136	79054600	-0.438	4.1657	3.9289	4.9874	ConradGenotype	0.000068279497442
22	33230119	33231341	cg08315277	PKDREJ	11806570	-0.445	4.3074	3.5537	4.6970	ConradGenotype	0.000049271274404
7	31282013	31285456	cg22799850	FBXL13	71219161	0.451	4.4190	3.8795	4.6512	ConradGenotype	0.000038107176116
10	67012476	67014181	cg09772154	FGFR2	56334125	-0.433	4.0847	3.8215	4.8427	ConradGenotype	0.000082277508457
9	10394571	10395103	cg04648440	BRD3	125527876	-0.446	4.3178	3.9380	4.9232	ConradGenotype	0.000048103881315
1	204366847	204372531	cg01460479	ABCB10	23391408	-0.447	4.3427	4.1149	4.9680	ConradGenotype	0.000045421107349
5	26832459	26837664	cg16268429	FLJ30596	9442559	0.429	3.9991	3.9006	5.0117	ConradGenotype	0.000100217046451
17	36675163	36685731	cg25349574	CAMTA2	31848843	-0.461	4.6201	3.8010	4.9469	ConradGenotype	0.000023982482774
17	36675163	36685731	cg26162695	ELAC2	23818370	-0.421	3.8702	3.7566	4.8042	ConradGenotype	0.000134822796415
17	36675163	36685731	cg19383689	WSB1	14035113	-0.433	4.0847	3.8502	4.8324	ConradGenotype	0.000082284816210
14	73064141	73121720	cg09539408	STRN3	42527722	0.432	4.0504	3.5881	4.5451	ConradGenotype	0.000089033912355
1	120557209	120738188	cg14560895	JARID1B	80395832	-0.545	6.5147	4.2171	5.2190	ConradGenotype	0.000000305727604
1	120557209	120738188	cg18389062	MAN1A2	2936444	-0.465	4.6958	4.1447	5.1990	ConradGenotype	0.000020144842874
1	120557209	120738188	cg10549188	ANP32E	27827314	-0.488	5.1646	4.1189	5.2577	ConradGenotype	0.000006844708098
11	5594077	5595733	cg01192900	BTG4	105293817	-0.438	4.1682	3.9928	5.0531	ConradGenotype	0.000067893645044
18	7134225	7136816	cg13760546	RNF125	20717468	-0.417	3.8001	3.6163	4.6854	ConradGenotype	0.000158469401124
18	7134225	7136816	cg14118546	KIAA1012	20641436	-0.406	3.6086	3.5943	4.4114	ConradGenotype	0.000246259760326
18	7134225	7136816	cg19496782	GATA6	10867128	-0.415	3.7496	3.5692	4.5221	ConradGenotype	0.000177995146314
3	167537664	167538667	cg02672493	TMEM22	29517047	-0.442	4.2346	4.0342	5.1364	ConradGenotype	0.000058260989528
1	177873980	177874648	cg10409799	ADAR	25007568	-0.472	4.8412	4.1644	5.2511	ConradGenotype	0.000014413716874
1	177873980	177874648	cg24800810	RGS7	61712589	-0.457	4.5394	4.2107	5.3118	ConradGenotype	0.000028882500484
5	42127774	42131656	cg09786257	PCSK1	53664870	-0.440	4.1967	3.9549	5.1280	ConradGenotype	0.000063569973811
5	163597906	163598998	cg01673583	BIRC1	93242468	-0.427	3.9767	3.9533	4.8143	ConradGenotype	0.000105517619011
19	20592635	20593903	cg17164520	CGB1	33638855	-0.443	4.2685	3.6683	4.6491	ConradGenotype	0.000053893309578
11	58351105	58352597	cg13145013	H19	56377472	-0.491	5.2362	3.9589	4.9374	ConradGenotype	0.000005805293532
6	51307432	51308104	cg21610516	MTHFD1L	99921317	-0.515	5.7763	4.0740	5.1188	ConradGenotype	0.000001673958181
2	195687880	195692616	cg22418360	UBE2F	42850052	-0.458	4.5545	4.1290	5.0403	ConradGenotype	0.000027893128914
16	15883340	15931383	cg23113963	SCNN1B	7313709	0.425	3.9352	3.7300	4.5953	ConradGenotype	0.000116094089031
1	14308898	14311535	cg24420778	PRDX6	157402922	0.449	4.3774	4.1942	5.1195	ConradGenotype	0.000041938132612
3	1892743	1898214	cg17289734	SEMA3B	48390387	0.466	4.7176	3.9753	4.9984	ConradGenotype	0.000019161330348
3	1892743	1898214	cg18986332	CLASP2	31838949	0.445	4.2989	3.8991	4.8890	ConradGenotype	0.000050245171711
11	3224785	3316422	cg19587401	LOC374395	59041014	-0.429	4.0031	3.9766	5.0793	ConradGenotype	0.000099282814824
8	108850513	108851309	cg23687960	GGH	44736773	0.431	4.0363	3.9796	5.0538	ConradGenotype	0.000091983264884
8	7330051	7342809	cg04678793	LY6E	136834807	-0.429	4.0053	3.9427	4.7850	ConradGenotype	0.000098778902352
8	7330051	7342809	cg11434468	XKR6	3759369	-0.433	4.0758	3.9608	4.8663	ConradGenotype	0.000083976049467
13	37955318	37958191	cg03623878	MCF2L	74746773	0.478	4.9538	3.7537	4.8371	ConradGenotype	0.000011121641894
1	156993484	156994714	cg24215727	ABCD3	62337353	0.471	4.8140	4.2023	5.3386	ConradGenotype	0.000015345601466
3	116730916	116732469	cg14386548	SLC25A20	67819002	0.449	4.3675	3.9976	4.9998	ConradGenotype	0.000042907857222
3	116730916	116732469	cg26417554	RPUSD3	106870282	0.440	4.2024	4.0034	5.0095	ConradGenotype	0.000062741669449
3	116730916	116732469	cg27239147	TUSC4	66368412	0.453	4.4439	3.9912	4.8576	ConradGenotype	0.000035986104247
2	101419843	101420750	cg14101501	EHBP1	38633876	-0.439	4.1958	4.0535	4.9837	ConradGenotype	0.000063710946007
2	101419843	101420750	cg16691616	INPP1	89496590	-0.492	5.2699	4.1053	5.1406	ConradGenotype	0.000005371223549
2	101419843	101420750	cg11206667	FBXO36	129074727	-0.508	5.6111	4.1543	5.1614	ConradGenotype	0.000002448729615
2	101419843	101420750	cg25961684	STK36	117824624	-0.459	4.5649	4.1157	5.5236	ConradGenotype	0.000027232800065
2	101419843	101420750	cg25856179	STAT1	90166754	-0.458	4.5478	4.1364	5.1288	ConradGenotype	0.000028324030122
2	101419843	101420750	cg22148652	ARL5	50972750	-0.445	4.2990	4.0211	5.1277	ConradGenotype	0.000050229609065
2	101419843	101420750	cg02801485	ALS2CR2	100604407	-0.443	4.2689	4.0968	5.5023	ConradGenotype	0.000053837286123
2	101419843	101420750	cg15091337	POLE4	26380921	-0.435	4.1079	4.0914	5.0663	ConradGenotype	0.000077994099679
2	101419843	101420750	cg01780482	EPAS1	55041460	-0.452	4.4427	4.1561	5.1335	ConradGenotype	0.000036085099177
2	101419843	101420750	cg23816572	CEP68	36283224	-0.449	4.3677	4.0877	5.1335	ConradGenotype	0.000042882045629
2	101419843	101420750	cg12066181	DNMT3A	76002355	-0.440	4.2019	4.0874	4.9854	ConradGenotype	0.000062821379137
2	101419843	101420750	cg20497627	MTIF2	46070504	-0.446	4.3211	4.1591	5.0844	ConradGenotype	0.000047742610213
12	89011704	89016192	cg16175725	TCF1	30887241	0.424	3.9224	3.8718	4.6869	ConradGenotype	0.000119550884436
12	89011704	89016192	cg13003163	ANP32D	41861245	0.474	4.8761	3.9771	4.7580	ConradGenotype	0.000013302687577
15	47332068	47335163	cg14492347	ZNF592	35759064	-0.469	4.7678	3.7457	5.0757	ConradGenotype	0.000017069109213
14	20419500	20493353	cg01117627	CYP46A1	78763757	0.437	4.1462	3.6627	4.6664	ConradGenotype	0.000071420230439
14	33583803	33584597	cg13729392	C14orf112	36312033	0.411	3.6864	3.5901	4.4807	ConradGenotype	0.000205862401027
12	76622959	76624876	cg06554542	GNPTAB	24124705	0.447	4.3444	3.9294	5.0928	ConradGenotype	0.000045249447424
5	21485958	21488203	cg07233761	ESM1	32829991	0.443	4.2584	3.9185	4.9962	ConradGenotype	0.000055156111443
15	99159046	99159855	cg05749577	KIF23	31665487	0.423	3.8951	3.6647	4.8815	ConradGenotype	0.000127313626408
15	99159046	99159855	cg05024638	POLG	11480531	0.485	5.0976	3.7948	4.8218	ConradGenotype	0.000007987393074
15	99159046	99159855	cg19771482	BNIP2	41390577	0.429	4.0045	3.7676	4.7457	ConradGenotype	0.000098972601408
15	99159046	99159855	cg13401987	APH1B	37802678	0.465	4.6835	3.6879	4.7361	ConradGenotype	0.000020726053827
15	99159046	99159855	cg25808839	LACTB	37958054	0.510	5.6692	3.8098	4.5417	ConradGenotype	0.000002141769025
15	99159046	99159855	cg06380007	INOC1	59963796	0.450	4.3896	3.6891	5.1619	ConradGenotype	0.000040779786250
15	99159046	99159855	cg19911362	USP8	50655836	0.416	3.7711	3.7404	4.8764	ConradGenotype	0.000169376577079
15	99159046	99159855	cg07288587	CSNK1G1	36724292	0.435	4.1084	3.6523	4.5264	ConradGenotype	0.000077916006952
15	99159046	99159855	cg06746101	TMED3	21768851	0.418	3.8148	3.7424	4.8633	ConradGenotype	0.000153190933393
15	99159046	99159855	cg23790767	ELL3	57302976	0.442	4.2457	3.6954	4.6523	ConradGenotype	0.000056792628140
15	99159046	99159855	cg17316750	FAM82C	60325028	0.445	4.2970	3.7146	4.9419	ConradGenotype	0.000050469398819
15	99159046	99159855	cg17676096	LEO1	49107937	0.487	5.1532	3.7385	4.7480	ConradGenotype	0.000007028251942
15	99159046	99159855	cg16016951	DUT	52748241	0.420	3.8436	3.6390	4.4842	ConradGenotype	0.000143338889235
15	99159046	99159855	cg13959611	VPS13C	39019555	0.505	5.5502	3.7929	4.8221	ConradGenotype	0.000002816886498
5	18909031	18910797	cg15034135	ADAMTS19	109914382	0.443	4.2654	3.9259	5.1766	ConradGenotype	0.000054269561676
2	110342773	110348620	cg08321346	ANKMY1	130800155	0.463	4.6508	4.0950	5.1922	ConradGenotype	0.000022345970009
9	19263398	19264277	cg12876594	NPR2	16517850	0.439	4.1877	3.9440	4.8648	ConradGenotype	0.000064902497939
6	108132828	108141795	cg20612615	PREP	2179903	0.455	4.4928	4.1013	5.2985	ConradGenotype	0.000032153160421
22	41209145	41335158	cg12376277	TUG1	11577075	-0.418	3.8136	3.5550	4.2937	ConradGenotype	0.000153616016275
7	147704059	147707263	cg07461582	RINT-1	42745761	0.426	3.9467	3.8460	5.0034	ConradGenotype	0.000113046999144
8	133129707	133130842	cg14830952	E2F5	46853302	-0.432	4.0625	3.8723	4.6806	ConradGenotype	0.000086602314318
7	7011921	7020505	cg14094960	EGFR	48038387	0.432	4.0545	3.9280	5.0869	ConradGenotype	0.000088213664834
4	190032287	190033212	cg09435090	QDPR	172910066	-0.448	4.3531	4.1231	5.0393	ConradGenotype	0.000044350599756
4	190032287	190033212	cg19252175	FLJ20035	20556418	-0.442	4.2433	4.0871	4.9811	ConradGenotype	0.000057109781626
4	190032287	190033212	cg09475757	NEIL3	11564589	-0.439	4.1870	4.0600	5.3786	ConradGenotype	0.000065009448738
4	190032287	190033212	cg04418771	COPS4	105857708	-0.440	4.2145	4.0777	5.0693	ConradGenotype	0.000061019995910
4	190032287	190033212	cg02715115	LOC90826	41208024	-0.460	4.5931	4.1634	5.2723	ConradGenotype	0.000025520552886
10	91988451	91992013	cg18762485	CH25H	1033527	0.424	3.9225	3.8071	4.6257	ConradGenotype	0.000119523564297
22	22101503	22104165	cg23748737	SCARF2	2981167	-0.419	3.8287	3.4840	4.5716	ConradGenotype	0.000148356667742
5	1977604	1978111	cg21835622	DPYSL3	144835412	0.431	4.0459	3.9549	5.0839	ConradGenotype	0.000089972532988
22	28666350	28667198	cg23503501	RIBC2	15521377	-0.445	4.3068	3.5210	4.5771	ConradGenotype	0.000049339817109
6	31383960	31387412	cg05402265	ICK	21648780	0.488	5.1791	4.0476	5.1787	ConradGenotype	0.000006620317609
1	10405137	10406094	cg10035922	C1orf102	26283362	-0.449	4.3715	4.1810	5.3352	ConradGenotype	0.000042509794755
4	116386404	116397731	cg26578617	SNCA	25414939	-0.442	4.2422	4.0961	5.0738	ConradGenotype	0.000057251994271
7	61278218	61280754	cg25299676	MET	54820081	-0.446	4.3247	4.0176	5.1714	ConradGenotype	0.000047344937922
17	69234006	69234625	cg08209724	ZNF207	41532872	-0.464	4.6749	3.8295	4.8518	ConradGenotype	0.000021140826474
14	73071536	73073419	cg09539408	STRN3	42507269	0.473	4.8493	3.5881	4.5451	ConradGenotype	0.000014148657032
8	53863532	53864180	cg19288520	SLC25A32	50632674	0.427	3.9623	3.9378	4.7875	ConradGenotype	0.000109072305868
8	53863532	53864180	cg10245048	TNFRSF10A	30725236	0.468	4.7455	3.9553	5.1787	ConradGenotype	0.000017966845031
4	138311476	138320204	cg06251489	STIM2	111844093	0.451	4.4063	4.0904	4.9202	ConradGenotype	0.000039237814312
4	173661594	173670645	cg09018824	DKFZP686A01247	132609555	-0.494	5.3058	4.0817	5.1095	ConradGenotype	0.000004944863238
17	53042845	53044836	cg19598544	TTYH2	16677051	0.429	4.0074	3.8670	4.7756	ConradGenotype	0.000098309466436
16	26824444	26827013	cg20981893	HSD11B2	39196738	-0.436	4.1275	3.6953	4.6370	ConradGenotype	0.000074552677596
16	26824444	26827013	cg13439730	PRSS8	4228729	0.421	3.8655	3.7412	4.8607	ConradGenotype	0.000136292311206
20	1337176	1338798	cg24158546	SCAND1	32667695	-0.423	3.8894	3.6187	4.6493	ConradGenotype	0.000129014475098
20	1337176	1338798	cg07955828	DHX35	35686371	-0.420	3.8446	3.5743	4.6722	ConradGenotype	0.000143033192579
11	89324164	89328039	cg10805667	FLJ20625	17834085	-0.441	4.2225	4.0592	5.1308	ConradGenotype	0.000059905876365
1	142612557	142700497	cg14560895	JARID1B	58387003	-0.512	5.7042	4.2171	5.2190	ConradGenotype	0.000001976009739
1	142612557	142700497	cg13650137	ASPM	52725693	-0.462	4.6350	4.1344	5.0407	ConradGenotype	0.000023173646410
1	142612557	142700497	cg18389062	MAN1A2	24945273	-0.502	5.4826	4.1447	5.1990	ConradGenotype	0.000003291357610
1	142612557	142700497	cg10549188	ANP32E	5818485	-0.497	5.3662	4.1189	5.2577	ConradGenotype	0.000004303108007
12	96516188	96517708	cg14341030	C12orf60	81669416	0.512	5.7150	3.9867	5.1818	ConradGenotype	0.000001927706165
13	75005774	75017574	cg02943497	PARP4	51026858	0.420	3.8367	3.7432	4.7816	ConradGenotype	0.000145662882965
22	28010283	28011805	cg04419707	RPL3	10034920	0.441	4.2218	3.5283	4.3180	ConradGenotype	0.000060006704166
22	28010283	28011805	cg02278071	DUSP18	1382817	0.474	4.8787	3.4957	4.5409	ConradGenotype	0.000013222084852
11	7803274	7804168	cg04011872	MRPL23	5878534	-0.441	4.2161	3.9755	4.8899	ConradGenotype	0.000060800813495
7	71907404	71913517	cg03100196	ZYX	70878009	-0.461	4.6136	3.8792	4.9252	ConradGenotype	0.000024346707348
1	157228357	157232921	cg04049800	C1orf57	73922416	0.450	4.3993	4.1456	5.1529	ConradGenotype	0.000039872320803
6	86680559	86682553	cg08307092	HIST1H3D	60373576	0.447	4.3428	4.0255	5.2249	ConradGenotype	0.000045410008678
6	86680559	86682553	cg14284643	GNL1	56049349	-0.438	4.1727	3.9417	5.1261	ConradGenotype	0.000067186182370
6	86680559	86682553	cg07922606	HIST1H3E	60347995	-0.460	4.5809	4.1509	5.1187	ConradGenotype	0.000026250415278
6	86680559	86682553	cg26384034	C6orf117	1881038	-0.435	4.1115	4.0740	5.0668	ConradGenotype	0.000077351392786
1	235820675	235821523	cg14460735	C1orf71	8975045	-0.468	4.7505	4.1487	5.0146	ConradGenotype	0.000017763109050
21	27398805	27399490	cg20451718	C21orf67	17785104	0.439	4.1902	3.3343	4.2327	ConradGenotype	0.000064533346806
2	179768355	179791457	cg02801485	ALS2CR2	22244797	0.436	4.1361	4.0968	5.5023	ConradGenotype	0.000073097044885
16	75648508	75650440	cg25193494	FLJ20186	12893244	0.439	4.1785	3.7212	4.6610	ConradGenotype	0.000066291257730
12	10457356	10495015	cg08567916	SPRYD3	41283380	0.473	4.8601	3.9755	4.7761	ConradGenotype	0.000013800101035
12	10457356	10495015	cg18825539	ATP2A2	98727436	0.447	4.3438	3.9382	5.0791	ConradGenotype	0.000045312142165
12	10457356	10495015	cg17639059	NAB2	45292051	0.483	5.0565	3.9419	5.0424	ConradGenotype	0.000008779235709
2	130682838	130684330	cg13901526	GYPC	3553086	0.479	4.9758	4.0405	5.0632	ConradGenotype	0.000010572037163
2	130682838	130684330	cg01594915	HNRPA3	47102224	0.446	4.3100	4.0531	5.0384	ConradGenotype	0.000048975153251
2	130682838	130684330	cg17043155	MRPL19	54955958	0.443	4.2529	4.0360	5.0573	ConradGenotype	0.000055865559251
2	130682838	130684330	cg26454191	PMS1	59673716	0.444	4.2876	4.0343	4.9390	ConradGenotype	0.000051565936326
2	130682838	130684330	cg04533291	WDR39	34389503	-0.437	4.1470	4.1257	5.2182	ConradGenotype	0.000071278404134
13	85571820	85574142	cg17921034	AKAP11	43828646	0.418	3.8157	3.7267	4.7102	ConradGenotype	0.000152874610699
14	21096353	21105839	cg14098132	CGRRF1	32945287	0.429	4.0067	3.6577	5.0228	ConradGenotype	0.000098467701925
14	21096353	21105839	cg06726207	SIX4	39158276	0.427	3.9767	3.6452	4.7539	ConradGenotype	0.000105517619011
13	23798029	23799959	cg26611683	FOXO1A	16338960	0.424	3.9066	3.7245	4.8623	ConradGenotype	0.000123992110520
6	22160753	22161707	cg04623837	HCG9	7890218	0.437	4.1573	4.0332	5.0460	ConradGenotype	0.000069612377765
15	30231548	30468651	cg07501965	CHRFAM7A	1877393	0.441	4.2219	3.6582	4.5038	ConradGenotype	0.000059991928137
17	55934524	55936075	cg04745805	STAT5B	18253511	-0.423	3.8981	3.7902	4.8115	ConradGenotype	0.000126442670156
17	55934524	55936075	cg14732136	KPNA2	7527086	-0.426	3.9440	3.8783	4.9721	ConradGenotype	0.000113763220655
16	76929120	76942453	cg25957124	DNAH3	55857264	0.412	3.6990	3.6913	4.4374	ConradGenotype	0.000199994760432
9	97376343	97377188	cg09429153	PBX3	30172836	-0.424	3.9104	3.8911	4.9516	ConradGenotype	0.000122911051960
3	68714679	68722940	cg11116142	CRBN	65522460	-0.442	4.2433	4.0017	4.8373	ConradGenotype	0.000057105163132
11	1611015	1613217	cg07271264	MYOD1	16086587	0.436	4.1235	3.9828	4.9972	ConradGenotype	0.000075243494161
6	152431681	152433972	cg18676237	SERPINB9	149584388	-0.478	4.9572	4.0760	5.1310	ConradGenotype	0.000011034944393
7	131044891	131047089	cg03700462	HOXA1	103943439	0.434	4.0911	3.9299	4.9851	ConradGenotype	0.000081082641565
11	75820021	75826175	cg23121547	DUSP8	74273000	-0.464	4.6710	3.9012	4.8406	ConradGenotype	0.000021329002919
11	75820021	75826175	cg15498283	TALDO1	75085907	-0.433	4.0694	3.9338	4.8833	ConradGenotype	0.000085227032430
11	75820021	75826175	cg03750407	RAD9A	8906989	-0.475	4.8905	3.9243	4.6567	ConradGenotype	0.000012868554725
19	19693965	19700599	cg07115558	TLE2	16717242	0.419	3.8208	3.7150	4.5939	ConradGenotype	0.000151074523821
5	151229543	151233114	cg10731022	EIF4EBP3	11323812	0.436	4.1289	3.9690	4.9620	ConradGenotype	0.000074325027999
5	151229543	151233114	cg27092035	ARL10	24494430	0.534	6.2478	3.9164	5.1824	ConradGenotype	0.000000565166634
5	151229543	151233114	cg19184518	UNQ9217	71411676	0.430	4.0266	3.9798	4.8961	ConradGenotype	0.000094056672811
5	151229543	151233114	cg10575841	TMED7	36241697	0.440	4.2142	4.0090	5.1634	ConradGenotype	0.000061070684108
5	151229543	151233114	cg10038259	HNRPAB	26332995	0.447	4.3377	4.0067	5.0685	ConradGenotype	0.000045952820776
5	151229543	151233114	cg01056155	BTF3	78401227	0.440	4.2048	3.9591	5.1090	ConradGenotype	0.000062400498471
20	55020804	55021298	cg07334912	HARS2	36504146	0.425	3.9369	3.5379	4.4467	ConradGenotype	0.000115635946126
7	82888354	82889107	cg23242017	LMTK2	14685683	0.469	4.7651	3.9367	4.8148	ConradGenotype	0.000017175318565
10	122759741	122777506	cg02840794	HPS6	18953327	-0.460	4.5910	3.8250	4.6351	ConradGenotype	0.000025644074862
16	72256927	72258261	cg09669099	TERF2	4280267	0.436	4.1407	3.7759	4.8248	ConradGenotype	0.000072329327432
12	31795648	31803075	cg03240509	KCNA6	27010207	0.430	4.0241	4.0058	4.8204	ConradGenotype	0.000094597567429
6	32537894	32540555	cg14479329	RNASET2	134750747	0.435	4.1114	4.0709	4.9573	ConradGenotype	0.000077378368465
