Chr	cnvStart	cnvEnd	CpG	Gene	Distance	rValue	-log(NomimalPvalue)	-log(PermutationPvalueP100)	-log(PermutationPvalueP10)	Source	NominalPvalue
1	152472595	152473047	cg06237414	MTX1	972482	-0.384	2.3472	2.1330	2.9443	1000GPgenotype	0.004496075770364
8	144773467	144777025	cg22892110	MAPK15	95255	0.401	2.5341	2.4779	3.3173	1000GPgenotype	0.002923206814227
11	116173576	116178898	cg02831393	PAFAH1B2	344312	-0.366	2.1520	1.8822	2.7168	1000GPgenotype	0.007046718706530
5	172967897	172968846	cg23003881	FAM44B	7736	0.448	3.1101	2.7814	3.7982	1000GPgenotype	0.000776072002159
8	12277832	12280453	cg18123948	GATA4	681485	0.465	3.3481	2.7353	3.7580	1000GPgenotype	0.000448612969621
10	115499109	115499422	cg14826456	ADRB1	294824	-0.404	2.5664	2.3245	3.1619	1000GPgenotype	0.002713832005288
7	93730519	93730716	cg16872560	PPP1R9A	644723	0.400	2.5188	2.4202	3.3997	1000GPgenotype	0.003028415552438
6	111401904	111402210	cg04128563	AMD1	98875	-0.442	3.0306	2.5001	3.6370	1000GPgenotype	0.000931897995274
4	157522137	157522217	cg09688546	GLRB	694716	0.428	2.8600	2.4873	3.2674	1000GPgenotype	0.001380438771688
13	110030856	110031167	cg15270851	FLJ12118	125500	-0.407	2.6078	2.4701	3.1022	1000GPgenotype	0.002467405276013
8	144584722	144584824	cg24596472	TOP1MT	96657	-0.383	2.3336	2.3215	3.3102	1000GPgenotype	0.004638490349395
8	144584722	144584824	cg10913563	C8orf55	779176	0.407	2.6061	2.5532	3.8114	1000GPgenotype	0.002476669343625
17	64060387	64060716	cg16435601	FALZ	808430	0.444	3.0588	2.7301	3.6086	1000GPgenotype	0.000873296673690
17	34216976	34218433	cg10398950	CRKRS	654741	-0.446	3.0821	2.4680	3.4872	1000GPgenotype	0.000827726697926
17	34216976	34218433	cg13824734	PSMB3	55317	-0.414	2.6860	2.4968	3.5641	1000GPgenotype	0.002060566121057
17	17171100	17171975	cg02880176	LOC201164	121359	-0.415	2.6928	2.5026	3.5427	1000GPgenotype	0.002028849887238
2	37894416	37894471	cg24022829	EIF2AK2	656835	0.409	2.6321	2.5284	3.5684	1000GPgenotype	0.002333122206633
17	36772302	36774600	cg24505527	NKIRAS2	649275	-0.459	3.2663	2.9098	4.1268	1000GPgenotype	0.000541610979084
22	22699127	22705237	cg24330042	GSTT1	12090	-0.815	12.9700	2.9917	4.0141	1000GPgenotype	0.000000000000107
2	95914287	95914354	cg05443740	CSEN	587594	-0.469	3.4029	2.2403	3.1231	1000GPgenotype	0.000395461584801
4	165719953	165720068	cg00393585	FLJ31659	377690	-0.419	2.7505	2.7191	3.7087	1000GPgenotype	0.001776098226659
2	83964463	83964586	cg00396163	FLJ37357	632561	-0.424	2.8112	2.7282	3.7484	1000GPgenotype	0.001544537093699
14	20580351	20580407	cg20639263	NP	572821	0.426	2.8349	2.5072	3.5211	1000GPgenotype	0.001462597651011
4	6733295	6736762	cg09785172	WFS1	412449	0.396	2.4769	2.3650	3.3121	1000GPgenotype	0.003334957507124
16	5019300	5019350	cg21844038	FAM100A	413570	0.396	2.4815	2.3161	3.5868	1000GPgenotype	0.003299528986976
8	144776112	144780630	cg22892110	MAPK15	92130	0.401	2.5341	2.4779	3.3173	1000GPgenotype	0.002923206814227
9	92923184	92923505	cg02608019	SYK	319334	-0.451	3.1576	2.4783	3.2509	1000GPgenotype	0.000695737148938
3	185359510	185360097	cg00119079	LAMP3	995815	0.380	2.3058	1.9732	2.8500	1000GPgenotype	0.004945552003321
15	67401468	67402501	cg20015855	CORO2B	677345	-0.383	2.3277	2.1353	2.9267	1000GPgenotype	0.004702239894961
15	67401468	67402501	cg08342270	TLE3	774184	-0.383	2.3277	2.2884	3.2132	1000GPgenotype	0.004702239894961
2	176973888	176980286	cg18750960	HOXD4	251869	-0.442	3.0318	2.4347	3.1809	1000GPgenotype	0.000929407385134
10	51577967	51582025	cg14450605	NCOA4	337518	-0.539	4.5009	2.5189	3.3909	1000GPgenotype	0.000031557759661
2	44637092	44637412	cg03902905	SLC3A1	281438	-0.455	3.2020	2.5932	3.7702	1000GPgenotype	0.000628034896644
4	187330462	187336085	cg11595794	ANKRD37	778615	0.438	2.9852	2.8492	3.9636	1000GPgenotype	0.001034667706334
10	67911219	67911527	cg12236045	LRRTM3	444569	-0.404	2.5632	2.2083	2.9062	1000GPgenotype	0.002733912968049
2	54597716	54598093	cg16750914	KIAA1212	902472	-0.405	2.5815	2.4846	3.6095	1000GPgenotype	0.002621387846000
1	34877412	34879230	cg11835197	TFAP2E	933614	0.387	2.3768	2.3625	3.5413	1000GPgenotype	0.004199389920669
4	148140041	148140353	cg15810326	LOC90826	684528	-0.448	3.1084	2.1215	2.9825	1000GPgenotype	0.000779156953772
4	148140041	148140353	cg26484333	TMEM34	617941	-0.390	2.4098	2.0673	2.9945	1000GPgenotype	0.003892098129103
21	46434171	46435304	cg10296238	C21orf56	5266	0.550	4.7059	2.5410	3.5201	1000GPgenotype	0.000019681322241
13	94818226	94822462	cg17183991	HS6ST3	720767	0.385	2.3556	2.3467	3.2994	1000GPgenotype	0.004409596688541
5	77084102	77084437	cg23152667	TBCA	23471	0.376	2.2608	1.9790	3.1941	1000GPgenotype	0.005485378090842
2	233072791	233072983	cg19540408	MGC35154	908221	0.404	2.5665	2.5407	3.6342	1000GPgenotype	0.002713378491322
3	11757247	11759276	cg04632671	PPARG	546237	-0.427	2.8448	2.6260	3.4304	1000GPgenotype	0.001429398505234
1	34874009	34884563	cg11835197	TFAP2E	932649	0.387	2.3768	2.3625	3.5413	1000GPgenotype	0.004199389920669
1	151400331	151400587	cg09929564	ILF2	509441	0.397	2.4868	2.4533	3.5793	1000GPgenotype	0.003259840472563
17	61593973	61594030	cg02957086	AXIN2	606778	-0.393	2.4484	2.4347	3.4669	1000GPgenotype	0.003561457962489
19	13600101	13600227	cg17725461	RFX1	378139	-0.434	2.9376	2.7274	3.5500	1000GPgenotype	0.001154646192246
10	13298028	13298340	cg00766889	SEPHS1	132092	0.419	2.7469	2.5753	3.8748	1000GPgenotype	0.001790902160879
14	49070698	49070826	cg08625335	RPS29	52090	-0.448	3.1120	2.7158	3.8731	1000GPgenotype	0.000772716990843
10	125368932	125369004	cg02757432	GPR26	46997	0.430	2.8795	2.3829	3.0981	1000GPgenotype	0.001319649254234
5	135372493	135374199	cg17830308	NEUROG1	474139	-0.397	2.4893	2.2814	3.0589	1000GPgenotype	0.003241459894265
17	36675248	36685688	cg24505527	NKIRAS2	742258	-0.462	3.2969	2.9098	4.1268	1000GPgenotype	0.000504743514268
6	77154212	77158385	cg06062132	SENP6	787630	0.404	2.5686	2.3655	3.1429	1000GPgenotype	0.002699971944269
17	26683718	26684067	cg08635242	CPD	953709	-0.426	2.8374	2.7212	3.8029	1000GPgenotype	0.001454007218140
1	110028467	110029625	cg17901463	GSTM1	2904	-0.760	10.3907	2.7207	3.6561	1000GPgenotype	0.000000000040671
10	74847596	74847928	cg16108132	ANXA7	3984	-0.417	2.7185	2.5639	3.9387	1000GPgenotype	0.001912201739326
22	22681567	22698025	cg24330042	GSTT1	24476	-0.815	12.9700	2.9917	4.0141	1000GPgenotype	0.000000000000107
19	6938463	6938792	cg10670077	INSR	306646	-0.471	3.4264	2.7571	3.7352	1000GPgenotype	0.000374625172173
3	182444583	182444910	cg27437944	FXR1	331468	-0.439	2.9983	2.6390	3.5480	1000GPgenotype	0.001003964609912
19	20041433	20041748	cg07919162	SF4	749055	-0.463	3.3136	2.5660	3.4799	1000GPgenotype	0.000485691339395
6	77154213	77159361	cg06062132	SENP6	788119	0.404	2.5686	2.3655	3.1429	1000GPgenotype	0.002699971944269
22	48264438	48264617	cg18205517	PP2447	701823	0.405	2.5815	2.5576	3.4124	1000GPgenotype	0.002621387846000
18	57434843	57435078	cg07980518	RNF152	277229	0.445	3.0751	2.2317	2.9267	1000GPgenotype	0.000841179705338
1	70921387	70921635	cg15201877	PTGER3	363787	-0.442	3.0370	2.5622	3.5635	1000GPgenotype	0.000918242638506
5	95992292	95993117	cg24274600	RHOBTB3	899727	0.400	2.5230	2.2494	3.4303	1000GPgenotype	0.002999122104176
9	35970788	35971992	cg04065065	PIGO	885144	-0.404	2.5735	2.3380	3.2612	1000GPgenotype	0.002670072793874
7	98869581	98869637	cg12799895	NPTX2	784837	-0.427	2.8406	2.3637	3.3989	1000GPgenotype	0.001443496164025
17	8187337	8188693	cg01249910	SAT2	716356	0.430	2.8770	2.6693	3.6044	1000GPgenotype	0.001327478425667
1	146442912	146462585	cg24797967	FLJ39739	54413	0.441	3.0205	2.5769	3.6046	1000GPgenotype	0.000953929094551
9	140099612	140101330	cg23897067	NDOR1	880739	-0.417	2.7212	2.6819	3.6965	1000GPgenotype	0.001900296958932
4	186392535	186392845	cg27583030	SLC25A4	91204	-0.506	3.9606	2.7804	3.7073	1000GPgenotype	0.000109487660274
5	70889238	70889304	cg18359921	MCCC2	29633	-0.387	2.3820	2.3281	3.4830	1000GPgenotype	0.004149747010486
15	36054877	36055613	cg06952236	RASGRP1	589091	0.404	2.5712	2.5138	3.5413	1000GPgenotype	0.002684062191292
15	90475578	90478074	cg07766315	LOC400451	522989	0.405	2.5787	2.3954	3.1619	1000GPgenotype	0.002638248158185
17	13472409	13473418	cg13706352	COX10	440482	-0.387	2.3745	2.3006	3.4140	1000GPgenotype	0.004222285049495
6	30315788	30316206	cg24000189	FLOT1	503456	0.470	3.4180	3.1157	4.2578	1000GPgenotype	0.000381980139314
6	30315788	30316206	cg24703717	HLA-F	516392	0.492	3.7445	2.9732	3.8504	1000GPgenotype	0.000180109657785
19	11155805	11157520	cg15334028	DNM2	466736	-0.372	2.2110	1.9889	2.9267	1000GPgenotype	0.006152164397870
10	92805364	92805684	cg17001035	PCGF5	164987	0.418	2.7310	2.6505	3.7217	1000GPgenotype	0.001857795820443
1	110037664	110044037	cg17901463	GSTM1	8900	-0.818	13.1029	2.7207	3.6561	1000GPgenotype	0.000000000000079
10	88972728	89104990	cg04738091	PTEN	573821	0.363	2.1215	2.0673	2.9426	1000GPgenotype	0.007559813143246
12	109101014	109102205	cg21950493	ATPBD1C	289513	0.481	3.5674	1.9595	2.9059	1000GPgenotype	0.000270749306960
22	35477032	35477737	cg13951472	CDC42EP1	809447	0.419	2.7498	2.6353	3.8265	1000GPgenotype	0.001778953845320
17	5536429	5538222	cg08341874	VMO1	901594	-0.429	2.8669	2.5327	3.6731	1000GPgenotype	0.001358513829964
17	76309191	76312945	cg26717786	FLJ44861	443512	-0.435	2.9461	2.7640	3.7565	1000GPgenotype	0.001132065494471
12	93768156	93768578	cg19824362	NR2C1	222823	-0.419	2.7437	2.6042	3.8343	1000GPgenotype	0.001804251467980
1	27160255	27160649	cg12112929	GPR3	431190	-0.436	2.9606	2.5321	3.5224	1000GPgenotype	0.001094854496408
20	54450469	54452021	cg25993718	CBLN4	438169	0.412	2.6586	2.5731	3.6182	1000GPgenotype	0.002194708595015
16	87425157	87425732	cg16444968	CPNE7	744266	-0.414	2.6855	2.5394	3.6022	1000GPgenotype	0.002063151962097
10	91988516	91992007	cg20571908	MPHOSPH1	539025	0.419	2.7420	2.2969	3.2568	1000GPgenotype	0.001811494354334
15	49684994	49685332	cg08986416	DMXL2	16917	-0.538	4.4902	2.4942	3.5357	1000GPgenotype	0.000032345171731
2	152506803	152507435	cg08475827	RIF1	532316	0.449	3.1228	2.9231	3.9247	1000GPgenotype	0.000753764721907
18	69595188	69595522	cg03954150	FBXO15	370752	-0.417	2.7173	2.0027	2.8860	1000GPgenotype	0.001917216468232
7	39563899	39564163	cg08724636	RALA	65683	0.433	2.9213	2.6669	3.5138	1000GPgenotype	0.001198796972881
5	141288563	141288790	cg11064797	C5orf16	291637	-0.392	2.4347	2.2814	2.9798	1000GPgenotype	0.003674992075609
10	70668117	70668440	cg21948169	CXXC6	677303	-0.431	2.9000	2.7439	3.7706	1000GPgenotype	0.001258947808930
2	74364785	74365114	cg21954994	POLE4	674426	0.376	2.2596	2.2491	3.0503	1000GPgenotype	0.005499992872776
14	99493641	99493712	cg09873258	DLK1	769053	-0.423	2.8002	2.3121	3.3211	1000GPgenotype	0.001584070322660
14	99493641	99493712	cg16567044	MEG3	868515	0.394	2.4596	2.3166	3.2275	1000GPgenotype	0.003470624893104
2	53752337	53752534	cg16192916	PSME4	298927	0.469	3.3960	2.8117	3.7408	1000GPgenotype	0.000401767097158
16	66071307	66071624	cg02225847	FAM65A	49015	-0.487	3.6682	2.7139	3.6533	1000GPgenotype	0.000214679706881
14	35741860	35745144	cg11847459	MBIP	115916	-0.350	1.9936	1.9480	2.6497	1000GPgenotype	0.010148458248816
12	3535218	3535312	cg14759043	MGC4266	197296	0.419	2.7527	2.7406	3.6570	1000GPgenotype	0.001767403511623
10	128911030	128911109	cg13488201	ADAM12	844476	-0.410	2.6369	2.6274	3.3822	1000GPgenotype	0.002307282687881
1	40794202	40801171	cg22827640	HPCAL4	867956	-0.415	2.7021	2.4895	3.5424	1000GPgenotype	0.001985704627409
17	41806512	41819630	cg02301815	KIAA1267	207812	-0.311	1.6279	1.5722	1.8020	1000GPgenotype	0.023554960616851
4	2988022	2988189	cg16474684	RNF4	547548	-0.440	3.0083	2.5690	3.5135	1000GPgenotype	0.000981121627150
18	73395986	73397147	cg12555907	MBP	423341	-0.474	3.4793	2.4738	3.4422	1000GPgenotype	0.000331670939473
18	73395986	73397147	cg15059932	ZNF236	733030	-0.397	2.4925	2.4650	3.2644	1000GPgenotype	0.003217498355817
9	33203071	33203929	cg21511069	UBAP2	835509	0.454	3.1947	2.3352	3.4837	1000GPgenotype	0.000638738672965
8	144771628	144785835	cg22892110	MAPK15	91770	0.401	2.5341	2.4779	3.3173	1000GPgenotype	0.002923206814227
19	38264621	38264884	cg01580888	RHPN2	16537	0.435	2.9461	2.4391	3.2132	1000GPgenotype	0.001132065494471
2	219640023	219640306	cg14831838	CDK5R2	106869	0.396	2.4796	2.4089	3.5941	1000GPgenotype	0.003314050578908
2	219640023	219640306	cg21785260	C2orf24	109741	0.448	3.1131	2.4796	3.5437	1000GPgenotype	0.000770753341355
2	220754325	220754447	cg09197965	TUBA1	927637	-0.435	2.9446	2.5985	3.6717	1000GPgenotype	0.001136071223368
18	3308056	3308128	cg18110535	LPIN2	305091	0.459	3.2680	2.8416	3.8138	1000GPgenotype	0.000539552510114
1	64740868	64740965	cg09082287	DNAJC6	762132	0.491	3.7246	2.9919	4.1034	1000GPgenotype	0.000188558845804
10	23055568	23056760	cg06908778	SPAG6	381668	0.379	2.2860	2.1827	3.1179	1000GPgenotype	0.005175671817540
20	34034454	34034566	cg03424436	CEP250	527623	-0.404	2.5731	2.5311	3.4669	1000GPgenotype	0.002672233021469
2	192270434	192270768	cg09666654	MYO1B	451909	0.481	3.5814	2.5815	3.5087	1000GPgenotype	0.000262161670922
8	99534317	99534644	cg10039928	MATN2	583872	0.463	3.3204	2.5316	3.6957	1000GPgenotype	0.000478239571298
17	63739152	63739372	cg27043427	PSMD12	946210	0.468	3.3893	2.5490	3.4786	1000GPgenotype	0.000408007536816
4	55177177	55177497	cg11465971	GSH2	515647	0.424	2.8099	2.5407	3.3785	1000GPgenotype	0.001549103250696
3	9229174	9229267	cg24596576	FANCD2	813868	0.423	2.7972	2.6260	3.6451	1000GPgenotype	0.001595250995048
2	6215745	6226169	cg13051968	RNF144	754613	-0.404	2.5632	2.4909	3.2948	1000GPgenotype	0.002733912968049
12	49259984	49261783	cg16619240	LIMA1	297275	0.368	2.1729	2.1215	2.7905	1000GPgenotype	0.006715483758120
12	49259984	49261783	cg12787624	LIMA1	297275	0.412	2.6586	2.0981	2.8808	1000GPgenotype	0.002194708595015
10	18543082	18543595	cg05018361	NSUN6	437198	0.386	2.3621	2.3090	3.4281	1000GPgenotype	0.004343614016061
12	2933922	2934160	cg16405575	TSPAN9	122494	0.510	4.0189	2.6587	3.3754	1000GPgenotype	0.000095737733784
16	65293379	65296435	cg13813391	CMTM2	124196	0.532	4.3864	2.6727	3.6932	1000GPgenotype	0.000041075803874
16	65811167	65811482	cg13500388	CBFB	191818	-0.427	2.8470	2.5994	3.7496	1000GPgenotype	0.001422358526261
16	65811167	65811482	cg12441964	FLJ35894	418299	0.440	3.0127	2.6818	3.6115	1000GPgenotype	0.000971191914474
1	94060856	94064435	cg16833230	DNTTIP2	54227	-0.402	2.5407	2.2429	3.0550	1000GPgenotype	0.002879425340022
5	35226892	35227228	cg11154798	RAI14	534590	0.408	2.6141	2.4784	3.4536	1000GPgenotype	0.002431589968160
17	74572494	74574433	cg24844534	C1QTNF1	41414	-0.435	2.9436	2.4913	3.6347	1000GPgenotype	0.001138661745088
22	22726367	22727225	cg24330042	GSTT1	12524	-0.749	9.9570	2.9917	4.0141	1000GPgenotype	0.000000000110414
17	36675467	36681025	cg24505527	NKIRAS2	744480	-0.462	3.2969	2.9098	4.1268	1000GPgenotype	0.000504743514268
13	45804889	45805037	cg08608800	KIAA0853	280259	0.467	3.3675	2.5999	3.4039	1000GPgenotype	0.000429081211628
22	22676367	22680525	cg24330042	GSTT1	35826	-0.815	12.9700	2.9917	4.0141	1000GPgenotype	0.000000000000107
16	18740026	18745877	cg21024145	RPS15A	33651	-0.396	2.4764	2.4698	3.3136	1000GPgenotype	0.003338594859449
5	176427650	176428879	cg07035740	SNCB	438372	-0.443	3.0464	2.4524	3.4071	1000GPgenotype	0.000898626002156
14	73074412	73076930	cg00815605	ACOT2	30770	0.430	2.8866	2.5523	3.6909	1000GPgenotype	0.001298290040347
2	177995884	177996307	cg02961200	DKFZp451M2119	30291	-0.568	5.0475	2.6199	3.4120	1000GPgenotype	0.000008964135847
17	55934631	55936055	cg14623313	APPBP2	22728	-0.568	5.0294	2.5632	3.6404	1000GPgenotype	0.000009345068161
2	28253811	28253874	cg24189717	SNX17	806891	-0.424	2.8051	2.4408	3.4938	1000GPgenotype	0.001566339743543
7	2633455	2633799	cg24743283	GNA12	216708	0.410	2.6390	2.5679	3.5941	1000GPgenotype	0.002296266936219
19	56468220	56468531	cg05242523	KLK14	187897	0.474	3.4757	2.8608	3.8424	1000GPgenotype	0.000334403484927
7	29443443	29443752	cg11185569	CHN2	242799	-0.510	4.0199	2.5296	3.4327	1000GPgenotype	0.000095523647671
16	2949982	2950348	cg19703826	ZNF213	174702	0.386	2.3675	2.1215	3.1156	1000GPgenotype	0.004290662600123
3	187512304	187512639	cg00717862	DNAJB11	258561	-0.414	2.6878	2.5169	3.5484	1000GPgenotype	0.002052147353287
2	95949009	95950884	cg01906055	BRRN1	415186	-0.398	2.5005	2.3946	3.3930	1000GPgenotype	0.003158300345173
6	28298175	28298511	cg08307580	ZNF193	2786	-0.396	2.4764	2.2747	3.3211	1000GPgenotype	0.003338787477871
17	36681367	36685525	cg24505527	NKIRAS2	739280	-0.462	3.2969	2.9098	4.1268	1000GPgenotype	0.000504743514268
22	22674027	22676887	cg24330042	GSTT1	38815	-0.812	12.7687	2.9917	4.0141	1000GPgenotype	0.000000000000170
3	150751162	150752836	cg24078828	WWTR1	106157	-0.417	2.7244	2.5385	3.4044	1000GPgenotype	0.001886114279731
6	36178098	36178171	cg08027745	SFRS3	491756	0.448	3.1167	2.5521	3.6283	1000GPgenotype	0.000764312333773
8	144777467	144779025	cg22892110	MAPK15	92255	0.401	2.5341	2.4779	3.3173	1000GPgenotype	0.002923206814227
2	152581752	152582186	cg08475827	RIF1	607166	0.457	3.2345	2.9231	3.9247	1000GPgenotype	0.000582824097797
10	72926588	72926707	cg05871136	UNC5B	283689	-0.438	2.9776	2.3829	3.4912	1000GPgenotype	0.001052842835388
20	32705522	32707962	cg15056412	APBA2BP	980623	0.468	3.3846	2.8191	3.8892	1000GPgenotype	0.000412461132489
5	127200230	127201179	cg26465611	MEGF10	546467	-0.446	3.0880	2.8418	3.6243	1000GPgenotype	0.000816543390171
3	128813208	128813533	cg03330058	ABTB1	60997	-0.400	2.5278	2.4880	3.5168	1000GPgenotype	0.002966147310393
16	16841865	16847915	cg15488251	MYH11	986330	-0.390	2.4146	2.2774	3.4217	1000GPgenotype	0.003849842270906
1	9518200	9520253	cg22601917	H6PD	301750	0.447	3.1005	2.5381	3.4998	1000GPgenotype	0.000793493705519
1	21659006	21659277	cg07180649	WNT4	682951	-0.408	2.6201	2.3498	3.5021	1000GPgenotype	0.002398111293227
17	38406928	38407781	cg27088844	EZH1	256982	-0.459	3.2557	2.5407	3.2796	1000GPgenotype	0.000554949572784
8	144783467	144785525	cg22892110	MAPK15	86005	0.401	2.5341	2.4779	3.3173	1000GPgenotype	0.002923206814227
6	31384612	31386630	cg04513728	PPP1R10	692237	0.493	3.7487	3.1728	4.0338	1000GPgenotype	0.000178344334240
16	80721699	80721976	cg01880569	CDH13	496729	0.441	3.0205	2.7128	3.6999	1000GPgenotype	0.000953801607717
11	61806951	61807095	cg12640109	ASRGL1	54591	-0.483	3.5985	2.4828	3.6115	1000GPgenotype	0.000252079808055
3	73145768	73146244	cg20540428	PPP4R2	17370	0.578	5.2387	2.5327	3.4460	1000GPgenotype	0.000005772281175
9	139342340	139344586	cg02189785	CLIC3	332570	-0.441	3.0178	2.8023	4.0291	1000GPgenotype	0.000959753343341
5	36393132	36393322	cg14711201	SKP2	205674	0.435	2.9501	2.6856	3.7892	1000GPgenotype	0.001121634975491
9	36352882	36354079	cg24070292	TPM2	673018	0.560	4.8931	2.6743	3.5466	1000GPgenotype	0.000012790665806
17	76742917	76743255	cg07423906	C17orf56	84213	-0.437	2.9750	2.7189	3.8896	1000GPgenotype	0.001059335505591
7	13244637	13247239	cg09259772	ARL4	552710	-0.444	3.0666	2.6876	3.7067	1000GPgenotype	0.000857745290227
1	21884914	21884999	cg12274479	HSPG2	251649	0.421	2.7760	2.4113	3.4359	1000GPgenotype	0.001674908924718
17	32217537	32217855	cg16544272	PIGW	252497	0.433	2.9207	2.8301	4.0522	1000GPgenotype	0.001200280951063
17	32217537	32217855	cg02102644	AP1GBP1	825808	0.527	4.3011	2.6564	3.9566	1000GPgenotype	0.000049991062152
10	48210395	48214359	cg02222362	PTPN20B	235452	-0.374	2.2333	1.9570	2.9583	1000GPgenotype	0.005843267794372
10	48210395	48214359	cg16192575	PTPN20B	235452	-0.401	2.5337	1.9570	2.9088	1000GPgenotype	0.002926121253592
1	24275573	24275889	cg18231267	RUNX3	825706	-0.446	3.0875	3.0476	4.0565	1000GPgenotype	0.000817429068811
19	2860348	2861542	cg08634464	LOC126295	9271	-0.492	3.7361	2.4417	3.7117	1000GPgenotype	0.000183599632724
22	37838812	37839012	cg01346718	CSNK1E	795704	-0.393	2.4453	2.3895	3.1619	1000GPgenotype	0.003586464237777
14	101459896	101460017	cg14693893	DYNC1H1	40997	0.413	2.6782	2.3253	3.4823	1000GPgenotype	0.002098122913830
21	43794793	43797728	cg15536230	H2BFS	13458	0.426	2.8384	2.4708	3.3513	1000GPgenotype	0.001450678552486
21	43794793	43797728	cg02507175	PKNOX1	528186	-0.387	2.3756	2.2814	3.1336	1000GPgenotype	0.004210722206105
2	172712495	172715726	cg11626791	TLK1	988858	-0.465	3.3464	2.5747	3.5503	1000GPgenotype	0.000450381961976
2	28515170	28515222	cg20369763	FNDC4	943678	0.560	4.8895	2.6336	3.6724	1000GPgenotype	0.000012897274304
17	18731864	18732888	cg12324629	ULK2	978947	0.429	2.8716	2.7168	3.4811	1000GPgenotype	0.001343978842385
7	111715170	111715248	cg05608188	FLJ13576	502332	-0.362	2.1091	2.0667	2.9524	1000GPgenotype	0.007778593434966
1	229386515	229388618	cg00679738	FAM89A	144900	-0.412	2.6586	2.5809	3.6790	1000GPgenotype	0.002194708595015
2	237020254	237020949	cg23095584	GBX2	278607	0.383	2.3318	2.1344	2.8191	1000GPgenotype	0.004658443153778
3	58296329	58296398	cg25240333	RPP14	28934	0.414	2.6821	2.6200	3.6380	1000GPgenotype	0.002079121137323
12	110780865	110781546	cg24530795	FAM109A	489968	0.490	3.7043	2.0160	2.9707	1000GPgenotype	0.000197574400920
12	110780865	110781546	cg17190608	CUTL2	824240	0.404	2.5738	2.2726	3.0946	1000GPgenotype	0.002667891939266
1	29177033	29178830	cg19112780	PTPRU	258565	0.382	2.3189	2.1827	2.8164	1000GPgenotype	0.004798984321903
3	121376674	121377133	cg14399078	ADPRH	595675	0.425	2.8205	2.4888	3.7228	1000GPgenotype	0.001511773950275
17	38587412	38589076	cg08792314	COASY	620071	-0.422	2.7829	2.5948	3.4476	1000GPgenotype	0.001648582113120
17	38587412	38589076	cg10809441	DHX8	328822	-0.447	3.1050	2.5646	3.5259	1000GPgenotype	0.000785209344225
17	38587412	38589076	cg27088844	EZH1	437872	-0.418	2.7316	2.5407	3.2796	1000GPgenotype	0.001855392769697
17	38587412	38589076	cg06975499	EZH1	437872	-0.414	2.6809	2.6078	3.4987	1000GPgenotype	0.002085014173783
7	50075317	50076620	cg00333226	UNQ739	291062	0.420	2.7640	2.4223	3.2301	1000GPgenotype	0.001721885158281
19	18794800	18794869	cg15085805	LSM4	499913	-0.420	2.7618	2.5948	3.5641	1000GPgenotype	0.001730541220906
19	2625195	2625282	cg19636861	ZNF556	193611	0.419	2.7460	2.4744	3.4315	1000GPgenotype	0.001794609283898
22	41428595	41428962	cg08954856	BIK	408055	0.481	3.5699	2.3901	3.1589	1000GPgenotype	0.000269216182101
10	91990412	91992530	cg20571908	MPHOSPH1	540235	0.419	2.7420	2.2969	3.2568	1000GPgenotype	0.001811494354334
10	91988512	91989530	cg20571908	MPHOSPH1	537785	0.393	2.4420	2.2969	3.2568	1000GPgenotype	0.003614475419711
17	54718715	54720484	cg19141563	PPM1E	530966	0.352	2.0141	1.8096	2.2325	1000GPgenotype	0.009681248878029
11	3280127	3282487	cg04720330	PHLDA2	373987	0.422	2.7891	2.6128	3.4567	1000GPgenotype	0.001625256273915
11	481643	481866	cg24194132	B4GALNT4	122099	-0.423	2.7905	2.3675	3.1642	1000GPgenotype	0.001620083428224
1	30813232	30814246	cg03484533	FABP3	805232	-0.395	2.4674	2.2141	3.1131	1000GPgenotype	0.003408819716797
9	140095736	140101839	cg23897067	NDOR1	879055	-0.417	2.7212	2.6819	3.6965	1000GPgenotype	0.001900296958932
7	16138299	16140597	cg12567315	TSPAN13	620743	0.376	2.2536	2.0968	2.9949	1000GPgenotype	0.005576899173273
19	737551	737695	cg18194038	CIRBP	482581	0.501	3.8706	2.3327	3.7111	1000GPgenotype	0.000134700709406
19	737551	737695	cg20147100	C19orf6	234834	0.450	3.1358	2.3260	3.1712	1000GPgenotype	0.000731407843270
21	35182966	35184675	cg18074297	CLIC6	219645	-0.341	2.6155	2.1273	2.8865	ConradGenotype	0.002423699559642
20	56593980	56595020	cg25983380	GNAS	304450	0.287	1.9453	1.9351	2.6851	ConradGenotype	0.011341394008533
2	29495174	29498745	cg04786857	SPDY1	609567	0.306	2.1650	2.1029	2.8099	ConradGenotype	0.006838580554765
9	126987492	126990100	cg03283569	RABEPK	13399	0.325	2.4059	1.8761	2.5371	ConradGenotype	0.003927676801960
2	132896466	132897365	cg07785936	GPR39	6434	0.391	3.3530	2.5203	3.5103	ConradGenotype	0.000443622101226
11	68600310	68601480	cg13608094	CCND1	569460	0.268	1.7359	1.6584	1.8154	ConradGenotype	0.018369698368138
6	31395810	31397416	cg10409680	HLA-C	49182	-0.649	9.7599	2.9631	3.8202	ConradGenotype	0.000000000173819
1	180626201	180628113	cg08596642	DHX9	448115	0.281	1.8804	1.8136	2.2360	ConradGenotype	0.013170482712440
3	46769428	46826524	cg13994175	KIF9	501198	-0.351	2.7613	2.2824	3.1796	ConradGenotype	0.001732691213271
17	71873457	71876602	cg24164563	FOXJ1	226580	-0.351	2.7633	2.6809	3.5874	ConradGenotype	0.001724821988053
5	34692036	34692596	cg13880228	PRLR	573608	0.264	1.6969	1.5829	1.7754	ConradGenotype	0.020095095808322
2	54366555	54371160	cg01615080	ACYP2	172469	-0.405	3.5919	2.5942	3.4961	ConradGenotype	0.000255896806900
2	54366555	54371160	cg15587603	RPS27A	944688	-0.378	3.1492	2.3741	3.2807	ConradGenotype	0.000709171283324
19	51648870	51654964	cg02218324	RSHL1	641244	-0.344	2.6575	2.5487	3.3218	ConradGenotype	0.002200517883037
2	131938233	131941074	cg16169604	GPR148	737878	0.374	3.1000	2.6399	3.6644	ConradGenotype	0.000794365125547
10	114102095	114106660	cg18304674	ZDHHC6	92614	0.360	2.8879	2.0044	3.0235	ConradGenotype	0.001294347507158
17	13472216	13473377	cg13706352	COX10	440599	-0.363	2.9250	1.9998	3.0006	ConradGenotype	0.001188404582319
3	140486519	140488054	cg21075829	FAM62C	850925	0.284	1.9138	1.8548	2.4943	ConradGenotype	0.012196339788877
19	41532106	41538865	cg20580177	LRFN3	416213	-0.399	3.4909	2.0376	2.9011	ConradGenotype	0.000322909558275
4	101818670	101820508	cg11010122	DNAJB14	732726	0.319	2.3263	2.0397	2.7696	ConradGenotype	0.004717906647794
6	133787627	133789056	cg21296676	EYA4	183768	-0.320	2.3466	2.3303	3.3988	ConradGenotype	0.004501639076416
22	35473303	35476957	cg13797282	CARD10	770170	-0.398	3.4752	2.3047	3.4304	ConradGenotype	0.000334789070147
19	59424694	59435445	cg24794758	LENG1	74733	0.390	3.3399	3.0439	3.8719	ConradGenotype	0.000457230758559
5	55465067	55466202	cg20354892	MGC33648	775750	0.340	2.6000	2.0827	2.8014	ConradGenotype	0.002511631417666
2	240855167	240859417	cg12804976	NDUFA10	243645	-0.334	2.5252	2.1605	2.8369	ConradGenotype	0.002984172832379
15	82606345	82625912	cg19517291	NMB	386335	-0.395	3.4253	2.6583	3.6037	ConradGenotype	0.000375566231121
15	82606345	82625912	cg18393722	FLJ43276	298742	0.676	10.7972	2.6985	3.6136	ConradGenotype	0.000000000015950
15	82606345	82625912	cg13150977	FLJ43276	298742	0.769	15.5124	2.6719	3.7338	ConradGenotype	0.000000000000000
6	26878702	26883319	cg08260959	HIST1H4F	532183	-0.361	2.9070	2.2954	3.3878	ConradGenotype	0.001238773083381
7	102135311	102152748	cg23980887	POLR2J	237875	-0.321	2.3531	2.1188	3.0459	ConradGenotype	0.004435389691636
5	162794318	162795892	cg24206256	MAT2B	67751	-0.317	2.3045	2.1188	2.8235	ConradGenotype	0.004960052525732
10	132207254	132210968	cg27056559	MGMT	970474	0.338	2.5763	1.9772	2.6655	ConradGenotype	0.002653070130433
21	46434207	46435262	cg10296238	C21orf56	5263	0.509	5.6504	2.7076	3.7909	ConradGenotype	0.000002236600258
7	4039859	4049085	cg26937500	CARD11	994507	0.343	2.6518	2.3261	3.1507	ConradGenotype	0.002229472594045
1	153447113	153487867	cg11503744	RUSC1	92850	-0.317	2.2997	2.2404	3.3896	ConradGenotype	0.005015148308188
1	153447113	153487867	cg14550101	HCN3	46525	0.322	2.3693	2.2804	3.3540	ConradGenotype	0.004272880447160
17	42497848	42508795	cg05467167	GOSR2	147782	0.268	1.7359	1.5829	1.7754	ConradGenotype	0.018369698368138
2	172541083	172549062	cg10446968	SLC25A12	86029	-0.345	2.6737	2.4583	3.3246	ConradGenotype	0.002119955845757
18	31013744	31021792	cg03776551	ZNF396	193326	0.261	1.6584	1.5459	1.8154	ConradGenotype	0.021957218461343
9	67147030	67191484	cg22543128	MGC42630	206454	0.301	2.1131	1.9298	3.1953	ConradGenotype	0.007707622022321
4	15236048	15236685	cg19128498	FBXL5	29788	0.621	8.7636	2.2570	3.1138	ConradGenotype	0.000000001723567
19	55137612	55138851	cg15951107	BAX	988265	0.366	2.9759	2.2451	3.1430	ConradGenotype	0.001057009824468
5	40004712	40007532	cg02588309	OSRF	785604	-0.287	1.9422	1.7421	2.2291	ConradGenotype	0.011422559721869
8	55371651	55373817	cg11050527	ATP6V1H	454528	-0.320	2.3419	2.1188	3.1897	ConradGenotype	0.004550790553729
16	162083	167514	cg15001381	AXIN1	177855	-0.550	6.6633	2.3834	3.3374	ConradGenotype	0.000000217137711
6	19149248	19157489	cg00468146	ID4	792822	-0.318	2.3198	2.2427	3.0212	ConradGenotype	0.004788917459163
8	74508608	74511335	cg26464596	RDH10	140262	0.335	2.5381	1.9225	2.7607	ConradGenotype	0.002896632868127
17	34701689	34702240	cg10394385	ERBB2	395851	0.328	2.4449	2.0502	3.1358	ConradGenotype	0.003590241076812
17	34701689	34702240	cg12477119	CRKRS	168987	0.294	2.0190	2.0044	2.9542	ConradGenotype	0.009571115577985
17	34701689	34702240	cg11634198	NEUROD2	315764	-0.301	2.1091	2.0054	3.1337	ConradGenotype	0.007779333782891
17	3565219	3566272	cg15843823	ALOX15	925058	0.349	2.7325	2.3385	3.4025	ConradGenotype	0.001851316314606
17	3565219	3566272	cg09872233	ALOX15	925058	0.320	2.3447	2.2644	3.0866	ConradGenotype	0.004521555356902
12	102363204	102371092	cg21081852	TXNRD1	837904	0.286	1.9375	1.8709	2.6796	ConradGenotype	0.011547651669302
3	147867879	147873031	cg25250358	PLOD2	508925	0.346	2.6935	2.6066	3.4366	ConradGenotype	0.002025170677048
17	17172009	17176308	cg23159296	SREBF1	506552	-0.327	2.4290	2.3471	3.2296	ConradGenotype	0.003724150798181
17	17172009	17176308	cg22309826	COPS3	49338	-0.345	2.6731	2.3200	3.3879	ConradGenotype	0.002122861140472
3	197258567	197259125	cg22956956	TFRC	34311	0.317	2.3023	1.7817	2.1971	ConradGenotype	0.004985066920208
4	154452012	154454140	cg14320796	GAJ	32308	-0.324	2.3911	1.9138	2.6362	ConradGenotype	0.004063395219887
15	40190994	40196399	cg27472032	VPS39	93986	-0.326	2.4252	2.0042	2.4596	ConradGenotype	0.003756465907700
16	923425	944273	cg24399405	C16orf35	805221	-0.343	2.6428	2.4201	3.3426	ConradGenotype	0.002275957579104
14	60218431	60224768	cg27398547	C14orf39	199398	-0.327	2.4367	2.1248	3.0212	ConradGenotype	0.003658790784855
3	147910164	147910947	cg25250358	PLOD2	549025	0.351	2.7567	2.6066	3.4366	ConradGenotype	0.001751176631913
13	48431530	48434856	cg02632166	ITM2B	727714	0.332	2.4947	2.3249	3.4917	ConradGenotype	0.003201018886292
13	48431530	48434856	cg03085377	RB1	641938	-0.361	2.9045	2.3128	3.4839	ConradGenotype	0.001245819063354
6	79024187	79093007	cg22058458	HMGN3	942118	-0.339	2.5910	2.3084	3.1450	ConradGenotype	0.002564374346209
9	35970780	35972060	cg04065065	PIGO	885174	-0.323	2.3828	2.3718	3.6202	ConradGenotype	0.004141615387515
1	9518760	9520515	cg22601917	H6PD	302161	0.383	3.2362	2.3100	3.3312	ConradGenotype	0.000580493001587
22	31257932	31258517	cg09547224	SLC5A1	488931	-0.296	2.0444	1.9830	3.0749	ConradGenotype	0.009027835354185
22	31257932	31258517	cg03962522	SLC5A1	488931	-0.366	2.9789	1.9668	2.8343	ConradGenotype	0.001049742859258
18	73395994	73397090	cg12555907	MBP	423317	-0.307	2.1835	2.0132	3.1072	ConradGenotype	0.006554049561870
1	24768383	24773731	cg18888403	HMGCL	745483	-0.333	2.5066	2.4875	3.5191	ConradGenotype	0.003114729830452
12	47962269	47976666	cg05795313	ZNF641	938458	0.261	1.6584	1.5829	1.7754	ConradGenotype	0.021957218461343
3	169911677	169915428	cg19848683	EVI1	433408	0.257	1.6204	1.5459	1.7754	ConradGenotype	0.023964460854581
14	36839404	36840949	cg24384676	SLC25A21	128881	0.399	3.4820	2.2710	3.3550	ConradGenotype	0.000329637039204
12	48383566	48384465	cg14217534	K-ALPHA-1	572949	0.265	1.6977	1.6584	1.8154	ConradGenotype	0.020059742832309
1	34874894	34884557	cg05382123	CSMD2	474586	-0.296	2.0524	2.0328	3.0304	ConradGenotype	0.008863674521174
1	34874894	34884557	cg11835197	TFAP2E	932210	0.323	2.3768	2.0211	3.2501	ConradGenotype	0.004199104825514
10	62097314	62098437	cg16063112	C10orf107	994923	-0.370	3.0351	1.9886	2.9284	ConradGenotype	0.000922407580926
1	46016872	46023933	cg04036898	POMGNT1	416939	-0.257	1.6204	1.5459	1.7754	ConradGenotype	0.023964460854581
19	61405191	61414764	cg16954928	LOC147808	582142	0.360	2.8862	2.5908	3.5399	ConradGenotype	0.001299697347943
5	180307216	180365215	cg13927251	FLT4	327110	-0.342	2.6274	2.5478	3.3853	ConradGenotype	0.002358037578432
4	83855493	83860265	cg10972353	SCD5	80511	0.285	1.9160	1.8365	2.6902	ConradGenotype	0.012134616711355
16	23668555	23669665	cg17234150	CACNG3	505671	-0.327	2.4368	2.3511	3.4081	ConradGenotype	0.003657309834767
14	74854409	74855709	cg04371779	C14orf118	833000	0.383	3.2342	2.0410	3.0510	ConradGenotype	0.000583205973213
8	82207571	82209251	cg06027949	SNX16	708289	0.356	2.8252	2.4085	3.6692	ConradGenotype	0.001495449027519
11	11257991	11262124	cg05367858	RNF141	740918	-0.333	2.5060	2.4019	3.6325	ConradGenotype	0.003119173881649
1	191127054	191128549	cg05576974	UCHL5	167560	0.327	2.4365	2.0413	3.0005	ConradGenotype	0.003660143773487
17	36675163	36685731	cg13784792	JUP	515785	-0.357	2.8375	2.7233	3.5396	ConradGenotype	0.001453852158462
19	2860172	2861422	cg08634464	LOC126295	9123	-0.532	6.1870	2.1188	3.1113	ConradGenotype	0.000000650077371
4	164174798	164177311	cg26745540	NPY1R	296811	0.334	2.5289	2.4889	3.2764	ConradGenotype	0.002958856191639
5	176466696	176467745	cg21605986	KIAA1191	745967	0.398	3.4687	2.4948	3.3789	ConradGenotype	0.000339837980349
14	44680868	44682602	cg03491181	FKBP3	6630	-0.325	2.4045	2.2905	2.9610	ConradGenotype	0.003939772029756
7	87146297	87148760	cg08876591	ADAM22	254368	-0.319	2.3249	2.3232	3.3815	ConradGenotype	0.004732896503807
4	25899575	25904442	cg18489440	KIAA0746	428181	0.331	2.4794	2.4117	3.4259	ConradGenotype	0.003315929483414
19	20592635	20593903	cg19282452	FLJ46230	876577	-0.351	2.7556	2.4062	3.3345	ConradGenotype	0.001755344921712
1	85438779	85440284	cg10515956	MCOLN3	153123	-0.330	2.4696	2.4671	3.4465	ConradGenotype	0.003391391568730
17	7277809	7278290	cg16545079	PER1	718339	0.313	2.2576	1.8842	2.4252	ConradGenotype	0.005525918605038
5	172905608	172907328	cg19728382	STC2	217152	-0.342	2.6306	2.3227	3.1617	ConradGenotype	0.002340941749497
14	24332137	24332912	cg17109273	TINF2	550673	0.387	3.2940	2.3814	3.1150	ConradGenotype	0.000508148421179
14	24332137	24332912	cg16761581	ADCY4	458666	-0.342	2.6264	2.4043	3.2374	ConradGenotype	0.002363901475916
3	50318470	50324352	cg14448864	NAT6	9698	-0.351	2.7548	2.0031	2.9282	ConradGenotype	0.001758922354693
3	50318470	50324352	cg12444340	RBM5	220140	0.298	2.0735	2.0004	3.1569	ConradGenotype	0.008442595365299
16	15883340	15931383	cg08349806	FLJ39599	510178	0.327	2.4265	2.1944	3.0861	ConradGenotype	0.003745104187505
19	54871783	54872263	cg03138668	SLC17A7	235239	-0.334	2.5183	2.4289	3.5753	ConradGenotype	0.003031787226526
2	54419132	54420976	cg14832904	GPR75	479441	-0.365	2.9598	2.6296	3.4663	ConradGenotype	0.001096888372218
5	90535526	90537843	cg19369775	LOC153364	730709	-0.321	2.3587	2.2797	3.0476	ConradGenotype	0.004378074259338
12	12144189	12145952	cg08849126	GPRC5A	790567	0.359	2.8738	2.2139	2.9182	ConradGenotype	0.001337356715802
4	7887358	7888726	cg18619267	LOC389199	104237	-0.339	2.5962	2.4825	3.5008	ConradGenotype	0.002533797700138
15	90475894	90478000	cg07766315	LOC400451	522868	0.318	2.3175	2.1037	2.8831	ConradGenotype	0.004814415661777
16	68702855	68754003	cg17091851	LOC348174	185942	-0.356	2.8255	2.4467	3.4748	ConradGenotype	0.001494467618800
2	101419843	101420750	cg25853833	C2orf29	184430	-0.348	2.7206	2.3055	3.3959	ConradGenotype	0.001903007573252
2	101419843	101420750	cg12293634	RNF149	128922	-0.328	2.4427	2.2980	3.3966	ConradGenotype	0.003608496185598
12	52059516	52060091	cg18748332	ATF7	246540	-0.339	2.5976	2.1645	3.0894	ConradGenotype	0.002525668083687
1	165802604	165803417	cg09554443	CD3Z	48692	-0.338	2.5763	2.2648	3.0751	ConradGenotype	0.002653070130433
1	147302148	147516215	cg09409398	SF3B4	757172	-0.342	2.6329	2.3656	3.1380	ConradGenotype	0.002328480553002
17	36760471	36779150	cg24505527	NKIRAS2	652916	-0.365	2.9577	2.7745	3.8410	ConradGenotype	0.001102404728442
15	99159046	99159855	cg17115258	TM2D3	850967	0.320	2.3439	2.2856	3.2837	ConradGenotype	0.004529968936095
14	64676323	64677672	cg19637116	FNTB	153479	-0.306	2.1637	1.9206	2.8853	ConradGenotype	0.006859228856838
11	67984087	67985333	cg10413342	MRPL21	443528	-0.308	2.1956	1.7970	2.2289	ConradGenotype	0.006373653218412
22	19363919	19369607	cg01657694	KLHL22	186349	0.433	4.0816	1.9683	2.9296	ConradGenotype	0.000082868167325
22	19363919	19369607	cg13720744	CRKL	235521	0.300	2.0934	2.0487	3.0016	ConradGenotype	0.008064787630823
22	19363919	19369607	cg17239761	SNAP29	176232	0.303	2.1338	1.9425	2.7438	ConradGenotype	0.007348162400609
22	41209145	41335158	cg20727362	CYB5R3	103621	-0.372	3.0596	1.9784	2.9177	ConradGenotype	0.000871858550236
7	147704059	147707263	cg00006414	ZNF398	749033	0.296	2.0457	2.0325	3.0554	ConradGenotype	0.009002199332888
18	51514726	51516780	cg07980804	WDR7	953914	0.343	2.6479	2.5171	3.4177	ConradGenotype	0.002249803812444
8	95716183	95717097	cg26350286	RBM35A	5357	-0.327	2.4305	2.3823	3.2603	ConradGenotype	0.003711360943660
10	91988451	91992013	cg20571908	MPHOSPH1	538996	0.345	2.6674	2.2249	3.0516	ConradGenotype	0.002150870401586
7	16138321	16140500	cg12567315	TSPAN13	620781	0.311	2.2284	2.0012	2.8841	ConradGenotype	0.005910536011345
1	155440279	155443057	cg06106793	PRCC	437561	0.305	2.1576	1.9274	2.7261	ConradGenotype	0.006957439738903
12	11917753	11918281	cg03272031	LOH12CR1	483489	-0.335	2.5411	2.5361	3.4977	ConradGenotype	0.002876876185262
3	62585242	62587380	cg19629292	ZNF312	251850	0.332	2.4927	2.4517	3.3082	ConradGenotype	0.003215688992611
19	11156091	11157445	cg15334028	DNM2	466842	-0.322	2.3617	2.3381	3.3045	ConradGenotype	0.004348033851719
6	31383960	31387412	cg14663792	C6orf48	525052	0.381	3.1953	3.0333	3.8547	ConradGenotype	0.000637846166924
6	31383960	31387412	cg04513728	PPP1R10	692302	0.419	3.8267	2.9156	4.1152	ConradGenotype	0.000149046660625
8	120088560	120096979	cg19620294	TNFRSF11B	59254	0.385	3.2619	2.4517	3.5584	ConradGenotype	0.000547113751511
12	131483704	131484789	cg21432513	CHFR	461744	0.325	2.4099	2.1869	2.6209	ConradGenotype	0.003891489221034
13	94818369	94822017	cg17183991	HS6ST3	720918	0.338	2.5830	2.2076	3.1719	ConradGenotype	0.002612036046046
1	147300034	147726239	cg09409398	SF3B4	653217	-0.343	2.6443	2.3656	3.1380	ConradGenotype	0.002268152602028
11	17166514	17167872	cg11981631	ABCC8	287452	-0.352	2.7766	2.0968	3.2096	ConradGenotype	0.001672686254978
18	76009800	76011900	cg02955504	TXNL4A	161161	-0.315	2.2833	2.1666	3.0321	ConradGenotype	0.005207921913187
2	46821324	46832464	cg27138584	KCNK12	824588	-0.278	1.8379	1.8168	2.2207	ConradGenotype	0.014524748106275
2	46821324	46832464	cg01600782	CALM2	429992	-0.299	2.0863	1.7766	2.2279	ConradGenotype	0.008197581688532
14	73071536	73073419	cg00815605	ACOT2	33964	0.359	2.8758	2.3098	3.3439	ConradGenotype	0.001331022644266
10	75044000	75051412	cg18180783	MYOZ1	24810	-0.357	2.8493	2.3597	3.5239	ConradGenotype	0.001414735326735
20	4393359	4397529	cg27114120	PROKR2	849579	-0.358	2.8541	2.3123	3.0419	ConradGenotype	0.001399315538069
17	18469595	18491220	cg18958584	SHMT1	273013	-0.334	2.5289	2.2909	3.1739	ConradGenotype	0.002958856191639
20	1337176	1338798	cg10996143	FKBP1A	16437	-0.366	2.9716	2.4503	3.5554	ConradGenotype	0.001067489674320
19	4422340	4423189	cg26005082	C19orf30	297881	-0.276	1.8157	1.5495	1.7762	ConradGenotype	0.015287840401873
17	44259885	44263429	cg17778721	CBX1	728127	-0.297	2.0556	2.0123	3.1421	ConradGenotype	0.008797958857252
1	153926378	153931106	cg17921310	MAPBPIP	362648	0.429	3.9972	2.2171	3.2114	ConradGenotype	0.000100652086879
1	153926378	153931106	cg18528640	MSTO1	82065	0.319	2.3351	2.1527	3.0530	ConradGenotype	0.004622753567521
16	65293885	65296309	cg19514469	ELMO3	495861	-0.329	2.4601	2.1397	3.2542	ConradGenotype	0.003466673802833
16	65293885	65296309	cg13813391	CMTM2	124386	0.328	2.4437	1.9555	3.0107	ConradGenotype	0.003600162627508
1	40793794	40801068	cg02668729	CTPS	420510	-0.337	2.5632	2.1215	2.9700	ConradGenotype	0.002733715073639
1	40793794	40801068	cg25568243	C1orf176	50432	-0.355	2.8155	2.3673	3.1940	ConradGenotype	0.001529280943300
22	34893700	34905559	cg05531055	TOM1	873843	-0.371	3.0507	2.5757	3.4613	ConradGenotype	0.000889725294815
16	2589819	2676116	cg00949442	ABCA3	302038	0.392	3.3805	2.2850	3.0747	ConradGenotype	0.000416424733341
14	102020212	102020737	cg09556292	RCOR1	108201	-0.326	2.4252	2.2905	2.9448	ConradGenotype	0.003756465907700
14	102020212	102020737	cg00708642	EIF5	849871	-0.303	2.1287	2.1287	2.7458	ConradGenotype	0.007435821928559
3	6194115	6215583	cg02332525	GRM7	673196	-0.348	2.7091	2.3158	3.2182	ConradGenotype	0.001953946234355
9	132742245	132742808	cg26964989	LAMC3	132133	-0.382	3.2113	2.1224	2.9506	ConradGenotype	0.000614690398561
6	160006217	160008613	cg15298323	ACAT2	95657	-0.408	3.6365	2.4130	3.3590	ConradGenotype	0.000230962416213
2	130682838	130684330	cg09640202	IMP4	133519	-0.391	3.3554	2.7165	3.5705	ConradGenotype	0.000441190025885
2	130682838	130684330	cg03956267	FLJ20297	27621	0.355	2.8098	2.7015	3.8838	ConradGenotype	0.001549515257811
2	130682838	130684330	cg16169604	GPR148	518191	0.374	3.1000	2.6399	3.6644	ConradGenotype	0.000794365125547
2	130682838	130684330	cg26385743	IMP4	133519	-0.367	2.9946	2.8290	3.7023	ConradGenotype	0.001012555321538
21	34452459	34454968	cg13617782	SON	616729	0.293	2.0146	1.9913	2.7377	ConradGenotype	0.009668880613886
3	34224641	34225830	cg02699167	FBXL2	931188	0.305	2.1551	1.9927	3.1203	ConradGenotype	0.006997504357985
8	144771634	144785886	cg22892110	MAPK15	91741	0.335	2.5421	2.3473	3.1061	ConradGenotype	0.002870130832640
4	170523618	170524820	cg01654582	AADAT	723432	0.351	2.7513	2.4042	3.1455	ConradGenotype	0.001772789081719
17	31626906	31635481	cg19678067	ZNF403	343878	-0.338	2.5730	2.4697	3.6890	ConradGenotype	0.002673238982087
17	55934524	55936075	cg14623313	APPBP2	22772	-0.528	6.1023	2.3853	3.2788	ConradGenotype	0.000000790092447
4	15215299	15216505	cg19128498	FBXL5	50252	0.621	8.7636	2.2570	3.1138	ConradGenotype	0.000000001723567
1	244806227	244808300	cg15590526	ZNF124	594442	-0.370	3.0272	2.5179	3.6279	ConradGenotype	0.000939356625211
20	32705988	32707384	cg15056412	APBA2BP	980567	0.306	2.1621	2.0154	3.2061	ConradGenotype	0.006884793963433
4	3029554	3039234	cg00072216	MXD4	800786	-0.337	2.5631	2.2218	3.0373	ConradGenotype	0.002734605391692
12	121751048	121753991	cg20361540	VPS37B	193963	0.347	2.7041	2.3008	2.8961	ConradGenotype	0.001976625748245
11	75820021	75826175	cg21238457	WNT11	225767	-0.377	3.1454	2.4686	3.3672	ConradGenotype	0.000715426822369
10	74794355	74797666	cg16108132	ANXA7	47768	-0.351	2.7636	2.2878	3.1845	ConradGenotype	0.001723540665810
18	18308185	18321383	cg00940278	GATA6	312136	0.275	1.8074	1.7746	2.2291	ConradGenotype	0.015580700159893
12	60486092	60497244	cg15736338	FAM19A2	380244	-0.342	2.6280	2.2816	3.1577	ConradGenotype	0.002354816583302
5	151229543	151233114	cg08317263	CCDC69	647626	0.359	2.8668	2.7096	3.5824	ConradGenotype	0.001358786046143
15	41780690	41782899	cg03377682	PDIA3	44222	0.313	2.2536	2.1552	2.9701	ConradGenotype	0.005576927641108
7	47250178	47256783	cg14171882	HUS1	732147	0.299	2.0808	1.9856	2.7949	ConradGenotype	0.008302520312818
17	44706962	44707879	cg07231132	TMEM92	998109	-0.303	2.1331	1.9409	3.0665	ConradGenotype	0.007360142753214
14	62131161	62135492	cg07052387	HIF1A	901158	0.301	2.1090	1.9700	2.8239	ConradGenotype	0.007779647030189
14	62131161	62135492	cg26661257	HIF1A	901158	0.292	1.9974	1.9160	2.7233	ConradGenotype	0.010060385655269
22	34894430	34901494	cg05531055	TOM1	872176	-0.404	3.5723	2.5757	3.4613	ConradGenotype	0.000267716732783
8	144188813	144193250	cg10918419	C8orf55	385434	-0.340	2.6058	2.4350	3.2684	ConradGenotype	0.002478603017370
2	164349439	164353966	cg22380033	GRB14	834524	0.338	2.5820	2.3272	3.1420	ConradGenotype	0.002618029585035
